Ex2a Ex2b Ex2c Ex3a Ex3b Ex3c Ex4 Ex5 Ex6
30.5344709953293 0.0732481261948124 -0.506226643982894 0 11 1 0.771448016800123 0.727619952981394 0.415923408698291
11.083052416821 0.0151355981464618 1.1229846550006 1 7 0 0.910897817192553 2.73627428943909 0
30.8226442327956 0.0378967791352543 1.31081149746741 1 7 1 0.97565504150902 2.45849892370417 0.122719178209081
35.116242731479 0.0101709903101437 0.243712847568398 1 10 0 0.752342285270404 -0.148633852963416 0.092944270465523
40.3457310216269 0.0858159353374504 0.353545611043131 0 7 1 0.653590793160952 1.41081716352615 0.972350904718041
29.2468186506536 0.399054357761002 -1.13096079785687 0 7 0 0.883510672543108 1.54031143219538 0
20.3129405456362 0.0548798561794683 0.67201549188879 1 9 1 0.870945934567484 0.301024200569138 0.0380753094796091
19.3618284865748 0.119571445905008 0.685397892982791 1 9 0 0.824364184429783 1.01691096338398 0
41.4004978160607 0.204985522399359 -0.433977565511627 1 9 0 0.854872178456958 1.09632799389642 0.68412956292741
5.22452226073947 0.118235893526244 -1.07151209118949 1 10 0 0.681343822216076 0.339604823401221 0.161091573536396
18.9725798429223 0.0817860403913073 1.78903953651342 0 9 0 0.988764898616179 1.04547355311821 0.460268291644752
12.3409537018975 0.0638142186799087 0.749973782663968 1 10 0 0.963138655413664 0.906770510321426 0.257257907884195
15.365880312887 0.0575532219954766 0.310926547189385 1 10 0 0.882883940897759 -1.51598242113519 0
8.92570732361637 0.0264420030871406 -1.54129192999623 1 11 0 0.869044209510221 -0.788706122660561 1
30.4204825846478 0.00130930548310071 0.0100186826228499 1 10 2 0.770269300525087 0.356914729706823 0
24.9710973189445 0.0623903960222378 0.799296289489602 1 10 0 0.909970883418069 0.398897655616916 0
33.5741791299311 0.129114205838208 1.21144940142202 1 11 0 0.699615771965525 0.952862776163724 0.336516433628276
12.5406265057623 0.048934248833983 0.976998930797468 0 7 0 0.950387901882337 1.29163460487602 0
2.50588654344901 0.0676232715486549 1.11920196595291 1 10 0 0.974510458496308 1.26030005533134 0.927112905075774
31.3117950556567 0.0700913090258837 1.03385356158773 0 8 0 0.943515531396334 0.741127179988433 0
20.0151413992513 0.0384134353371337 0.811645389855441 1 12 0 0.966563599304001 -0.690385999333285 0.263256081147119
27.2579510810552 0.10408685366584 0.323792504106231 1 8 0 0.968432472179433 -0.588980649341435 0.218395564239472
26.0522248049034 0.0556523963459767 -0.0897680774560131 1 9 1 0.904508208380936 2.41873946107831 0.33581661968492
23.8069265604951 0.145629567971368 0.00563736131897277 1 11 1 0.984580300660167 1.98081858330016 0.0267584635876119
36.6613409288926 0.0455754377762787 -1.92232120501178 0 9 0 0.867536355413542 1.51297063649839 0.110722103854641
1.9231244191993 0.0722362657543272 -0.473110732468797 1 9 0 0.969178268617367 -0.237995427664975 0.177681981818751
36.5779920324218 0.00493595097213984 0.00230334937781584 1 12 0 0.827934849546809 0.292540360933769 0.85913456697017
19.3909938747762 0.0068920405958149 0.488394468896107 1 9 0 0.972106401759638 0.431668133649862 0.84554824908264
20.6910408130148 0.0654716643621214 -1.04014843338781 1 3 0 0.838281823893864 1.23597602360093 0.943299098405987
27.8184089353541 0.122496881167741 0.872265062640611 1 9 1 0.839864435462693 0.704697156875982 1
20.1840736484388 0.148908613011578 -0.592770072722781 0 10 0 0.966437888285155 -0.674406676099084 0.404299332993105
5.79297516299412 0.0591115483548492 -2.75131618497734 0 10 0 0.928150183424437 0.945534201196387 0.236428197240457
22.9876623774413 0.467513091059479 0.805748037703439 1 5 0 0.961864979019604 0.534577327196327 1
12.8894968009787 0.0397602036828175 -0.276672415342525 1 12 0 0.798080345123315 0.534465744971881 1
29.4174792454811 0.297052883185707 -0.13031444081917 1 10 0 0.811574867196486 1.54750255080905 0.0234533287584782
41.4201063820161 0.220536155848506 -0.866391805170212 1 8 0 0.705166925105118 0.130027213547504 0
38.5709559006151 0.095049311285244 -0.251627577800714 0 9 0 0.903446242887225 0.532596072523999 0.675505865365267
21.2251448554685 0.00434685148101088 -0.895869721003516 1 10 1 0.845966849011433 0.430479767509153 0.588236165232956
40.8904069772922 0.150839307107368 -0.66507454871039 1 8 0 0.952126627872638 1.69773458421787 0.359130663331598
30.6669364095666 0.114708524308504 -1.67466525397928 1 10 0 0.680906056130213 2.05767136592002 0.917163731763139
24.1918617608259 0.179148702638897 -0.774438535173061 1 8 1 0.901961885575714 1.57791959624475 1
1.38147386072669 0.0875021377155963 1.86205250939653 0 10 0 0.508565179787591 2.20309448423639 0.691811546916142
9.49706542191561 0.183052573109719 -0.400927508905944 1 10 0 0.857336566230598 1.97765200229094 0.287737973267213
15.4964811889455 0.0789308654493652 0.0843401457393681 1 9 0 0.685120960800727 1.51695948428694 0.296006701188162
26.4817755214404 0.00687509402632713 -1.2253199359586 1 10 0 0.91991833191797 0.445772341078997 1
23.6436907055555 0.0449476317735389 -0.285152182928689 0 9 0 0.885980925997373 -0.0739042990676846 1
27.8496434935601 0.340710502800611 -0.14492279908229 1 8 0 0.873987718048368 1.31572918752346 0.893394282553345
38.8162888305029 0.0523713150178082 0.057244053273487 0 10 1 0.912206508579552 1.33032651297548 0.0831353832036257
6.56047996834386 0.530395804407233 -0.40766814464954 1 9 3 0.757484499377591 0.643149669370014 0.158121168613434
39.3237412830582 0.0638535322338803 -1.5525824568775 1 9 0 0.872787533185329 0.391498234876065 0.940285035641864
31.8181723746471 0.205834246088472 0.85083359371599 1 9 0 0.89982972572476 2.42996916569546 0
27.6062539862702 0.0886565374623627 -0.219376377161226 0 8 0 0.692392711929755 1.69062106127292 0.833756474079564
36.2153685228201 0.00285533060008277 0.565849499438588 1 9 1 0.946497099311362 1.40429650129355 1
1.70851267073303 0.00960674620000646 0.69051995522225 1 6 0 0.981076881700234 -0.296970687732615 0.17085079383105
11.5330607117154 0.259375626676458 -0.0823996610345224 1 12 0 0.968210385058959 1.41792050980877 0.944662600522861
34.4569674650207 0.0694142641150393 1.02435226954049 1 10 0 0.99227075931617 0.226987276501721 0.0669881782960147
27.6432404786116 0.167452319869177 0.255656323866071 1 10 1 0.866643893493631 0.695026896404548 0.58811819460243
13.9111136937514 0.0733826651703566 0.89677581561354 1 9 1 0.973327241163628 2.43124606309992 1
10.2136340341764 0.117588513277348 -0.757001565404498 1 10 0 0.729316335275321 0.98172471582171 0.234548106789589
31.9585710453335 0.0111945151584223 1.11586586445868 1 6 0 0.877089029102694 0.776479181800968 0.0243531314190477
41.4517245693365 0.0748409454827197 0.114267813368447 1 9 0 0.831797154036321 1.8015899643581 0.378689872799441
26.20901109525 0.0978527738427386 1.22451564383201 1 12 0 0.557526855749507 0.653285849133281 0
29.4626271735411 0.531849345337118 -0.783316246948212 1 6 0 0.657302351020714 1.20091729049472 0.464098792755976
35.4678482115502 0.168020777166227 0.346365382555556 1 6 0 0.897178497466074 0.734665638592448 0.73916928935796
34.026866209833 0.177070083089588 -1.8248813452306 1 9 2 0.671553460054477 1.27518645204738 0.0111931704450399
21.7008820128627 0.0131206523249557 1.07719831861992 0 10 1 0.84734046222622 1.10904325090132 0.302232813322917
33.1790536840213 0.266061672226605 0.00831529803797076 1 9 1 0.86244818832062 0.891706820872813 0
28.4132504440146 0.195427316463295 2.65909803549595 0 8 0 0.936629057259587 0.202037261413843 0.313711435999721
21.9147828546353 0.16463422961008 0.00351392527846109 0 11 0 0.977850118645499 3.79464439023657 0.720405076630414
38.6544886739226 0.000856741447933018 1.81110383939816 1 10 0 0.566605727516558 0.369334782504164 0.549552500015125
25.9947866669623 0.0981042315199614 -0.718603540314313 1 10 1 0.84400398782408 0.60881250324591 0
1.14969325277489 0.0679045970900916 -0.00523270479088213 1 9 0 0.897759758737025 1.15762447781517 0.91115148505196
1.48342466752511 0.23201613103852 0.408289377204908 1 10 0 0.757068636377243 1.39006965184429 0.22479402879253
22.0973823511973 0.399875243173397 -0.339278501073732 1 9 0 0.926147400583646 1.73236330139367 0.75258240615949
2.77935855244286 0.0137104055611417 0.575039931767103 0 11 1 0.869574468192653 -0.022110196523051 1
8.63092710056808 0.0210370019776747 -1.16732837628164 1 10 0 0.99520924694143 0.879750456198466 0
20.5259457439184 0.305265499030319 -0.0267084134509016 1 11 0 0.863945412476138 0.780571578987505 0
35.5130011157831 0.0195786071417618 -0.288126094206176 1 11 0 0.866511938335597 1.26427429312204 0
9.96774720309768 0.00544888415606692 -0.0581828962432936 1 11 0 0.998978235016526 0.0666660019905188 0.884337169816718
33.1351943045389 0.321403004446146 -2.37762018000165 0 11 0 0.793500627023424 -1.2855355032016 1
25.6517830380704 0.063665883266367 -1.52507166739202 0 11 0 0.793391427472305 -0.161913358905861 0.4018460130319
21.8194997523911 0.05384088987738 0.696303694407065 1 8 0 0.861087768753452 1.5352127119358 0
39.1208968598163 0.268014389772978 -1.1791319839013 1 12 0 0.987164343742722 -0.63403218083945 0
36.8467943524243 0.0142290579969995 -1.1712549642635 1 9 0 0.963422571917377 1.74701212913758 1
10.9212689376669 0.110202399426477 -0.608947645448153 1 7 0 0.924735967172671 2.02146039304056 0.747155842836946
22.5922576377867 0.0693463891511783 -0.15000372734945 1 11 0 0.981842746498689 -0.138280688280216 0.409307712921873
12.3174560104031 0.0444371447764159 -0.647370594704567 1 9 0 0.889193035024217 -0.249300338373873 1
4.35366043043323 0.248117781233716 -0.274593692577828 1 10 1 0.958034467734365 0.967116829008558 0.626865912228823
26.7907524759881 0.0419099819846451 0.217027826799152 0 9 1 0.854788823562488 -0.019410715643071 0.520816705189645
18.8033216012642 0.200279134548011 -1.08809329284636 1 9 0 0.815389699805488 0.54091628739752 1
16.6180366304703 0.0808812720933929 -0.807591216880997 0 9 0 0.95909340086714 0.921041461535266 1
35.114899319387 0.184902892190942 0.834644113647227 1 8 0 0.814700797009597 0.534585610385091 0.270924530224875
7.05506595086772 0.0589325388595977 -3.05129038225927 1 10 0 0.879215828519843 1.22250090876145 1
29.5938673090655 0.240819032991979 -0.38008081296665 1 8 1 0.773706825716348 1.96322620741402 1
11.8510833920678 0.0312037745607086 -0.253697345807063 0 10 0 0.92662246473151 0.764134865079966 1
7.77560338473413 0.098025829538076 1.48489197806086 0 9 0 0.978412894629775 0.385767771334636 1
21.758026682213 0.1746092045109 0.704662885238747 1 10 0 0.969205643342179 1.67084055565894 0.36000295332633
4.9958062796155 0.100329766697612 0.270410884397343 1 9 1 0.956378590661744 1.83577423011434 0
10.6157737871632 0.538659776063794 -0.143108340060277 1 9 0 0.786402710383581 1.28955775614923 0
13.8054133551428 0.0155383604949786 0.190734607216414 0 8 0 0.882261990545661 1.01595962869163 0.693625376094133
28.8843955020653 0.162300116144457 0.840680459679509 0 8 0 0.951110827641848 1.17998549667881 1
39.9237015827326 0.0115461815907521 -1.28245464451367 1 9 0 0.72655027882151 1.38190445064216 0
29.48196812768 0.0501024019322358 1.15831100900709 1 11 3 0.9322140637462 0.0837888562963649 0.0813475453760475
25.2191558871651 0.101942183328198 0.114303971047895 1 7 1 0.935845192946199 0.046937031278683 1
21.9189739227528 0.0155314018484205 -0.27822543094339 0 7 0 0.965036810640068 1.35110151098303 0.131245479686186
29.9306918162853 0.0345744651858695 0.448439380244304 1 7 0 0.983916643741511 0.234275007818046 0.313128761481494
27.6049296285724 0.00844792101997882 1.2517721385018 1 9 0 0.799122271414594 1.34664894789246 0.1424870043993
8.93080024819355 0.178900951785649 -0.0759511814370064 0 8 0 0.708203494329747 1.7679883712571 1
5.8771063138498 0.0915445404773221 2.18152152907812 1 7 0 0.970686538626758 1.50336058560441 1
27.0108168731909 0.0860158400028013 0.652216652101672 1 8 1 0.88083591973562 1.20392070621387 0.261608451604843
35.8328478002455 0.0523811635794118 0.4720785391994 1 7 1 0.982926044378365 0.833059533517739 1
7.29860836677253 0.0801815044833347 -0.0333748209938302 1 10 0 0.961749291995238 2.28872915782312 0.610980571713299
41.0443588975118 0.0136209455414599 2.05584494496438 1 10 0 0.94790256439037 1.4131896430222 0.86940115201287
22.5479743463453 0.0337204922107048 -1.06273667160238 1 8 0 0.688140189343462 1.95276567675756 0
11.6371678826632 0.023814675954727 -0.225120302367847 1 11 0 0.896248034145274 0.357902374486023 0.726149115012959
3.10957648956683 0.0501260065738397 -0.00715281368382984 1 10 2 0.966504540259702 0.113577695596197 1
16.3691448093392 0.0100995211978443 1.92062260196439 1 9 0 0.95113834250778 1.18592033454064 0.832146335858852
4.17179733982775 0.00123142195699589 -1.91355486597632 1 9 0 0.712619123356199 2.55637336283881 0.854080947581679
14.1389919675654 0.0788719899719581 1.10610152052995 1 10 0 0.65543824177947 1.37027799078953 0.95063502388075
40.5746852406533 0.0368118527918311 0.211003065177277 1 11 0 0.920470927024714 0.721841060045179 0.529090367956087
20.6477090334753 0.123046088027173 -0.427718955644819 1 9 0 0.931014287552464 2.31193121330824 0
15.9999812750844 0.202937317768785 -1.33111418021571 1 11 0 0.759896291005978 1.37698260817582 0
14.5813019200228 0.0299550369381905 -1.07065070341627 1 7 0 0.985749262694286 0.714801116985948 1
25.7584703885019 0.090542429835879 0.160896454660106 1 10 1 0.994467172660293 2.81076089563678 1
37.0174312548712 0.586855726750726 -0.231721065846374 1 10 0 0.881804074755197 0.687612975869907 0.77988747227937
18.4345393771306 0.24780691320889 -0.707473371756944 1 9 0 0.636788333155396 0.464616692752927 1
35.8108813399682 0.00593676073375504 -0.37178965616179 0 7 1 0.509815141914806 2.71951446295792 1
40.7221045569982 0.0858205294935033 -0.116853122979511 1 10 0 0.771408215793873 2.98686166931427 1
8.25066729974933 0.192335066110862 -0.480298489116581 1 10 0 0.616336033012833 2.35300445458041 0.962701267329976
20.4440341691021 0.0180301548098214 2.11000248872973 1 9 0 0.915053224795927 0.165935930404876 1
9.20790357831866 0.460155292155042 -0.189641046505907 0 9 0 0.566213654736584 2.11959998526465 0
9.5969232310541 0.0837897466844879 -1.4366945783662 0 9 0 0.739815897112441 1.97082258892459 0.414226636523381
30.3390483649215 0.303745720286933 0.347905677881543 1 6 0 0.998096450131633 2.12362091857012 1
0.3433552055154 0.15626500150595 0.853269622106041 1 12 0 0.959190129950043 -0.103426889374246 0
21.6709683435271 0.228150582396168 0.181766884483444 0 11 0 0.943585663633439 1.51321653140361 0.776625019498169
10.6038445382379 0.0101363426074386 -1.5802915213142 1 10 0 0.503748994904872 -1.17643087746208 0
19.6293254259741 0.254203473440114 -0.377674868050173 1 10 0 0.932336271973632 1.05364227761633 0
17.6273903586203 0.0715548931012899 0.0798741112967029 1 8 0 0.87204405984627 -0.0447599402794656 1
3.42454143243376 0.0690191707690246 1.03155925771519 0 9 0 0.942638283266277 0.355766211957169 0.152120261220261
21.4145204888424 0.133738607279362 1.39948151063382 0 8 0 0.971244502415902 0.0466617676032823 0.509163768962026
38.1379721078789 0.00389574927976355 -0.137323171735846 0 12 0 0.963336644136329 1.60961795217961 0
20.4899475678336 0.0589079273631796 1.3253704464492 1 8 0 0.670032945782718 -0.672230308884408 0
25.2825004428392 0.198219541442841 -0.834621404726967 1 8 0 0.896965060272648 0.723871559352811 0
27.8347111194395 0.0631894693942741 0.153412635789154 0 7 1 0.906451148531364 1.61439609136415 0.820377288619056
37.1566946044564 0.0296654067045319 -0.970782124510657 1 7 0 0.62657954810335 -0.56190629632348 0.90245123161003
29.8458462126087 0.131031922641547 -1.51375435666751 1 10 0 0.907743261824321 -1.86075196972632 1
32.5596474184655 0.119888684590684 0.0594043580255568 1 9 0 0.913032391239555 1.99850075640249 0.077870563371107
28.182569270744 0.00323295416890145 1.25030736893094 1 8 0 0.909708025030164 2.36014215674709 0.125094274524599
26.6226056408137 0.168762502022424 0.141881509576539 1 11 0 0.647745420513736 -0.409964943543927 0.694728098344058
4.71039227689616 0.15787029347323 0.476454017824891 0 6 0 0.898317789263548 0.440819021807499 1
15.7712416885421 0.0032464651345487 0.135752546562954 1 12 1 0.888627862031422 0.734733704122397 0.685028123203665
23.8298558957409 0.0635273985099047 0.779789285792465 1 10 0 0.799791883272503 0.85362851141831 0.150550147518516
9.4571238751756 0.418307982364154 -0.401367068850324 0 9 0 0.550746256101097 1.5139276494692 0.425796358846128
27.7433682378847 0.145431351842696 -0.674394649589246 1 11 0 0.792434055627541 0.69348306623503 0.614109061658382
19.439434106485 0.0156702182721347 -0.452175445357368 1 9 0 0.981629335880214 -0.737404755697611 0.691666109953076
39.8268377484288 0.0881648342937301 0.444208507933517 1 12 0 0.723517561534661 0.411039565418188 0.708603524137288
21.619892121898 0.250998484658751 0.178176108684308 1 11 1 0.897748107805468 -0.181041502852282 0.894151277607307
37.8451266401913 0.106644280330814 0.650083541545259 1 10 0 0.980054098360959 0.188126663455657 0.883951491909102
28.6800592028536 0.0107361712128578 -1.44640146583522 1 11 0 0.73137184092589 3.20901441790317 0.103072317084298
25.9546854672022 0.208248885803598 -2.31635295324632 1 11 0 0.846643462522553 1.7811615382721 0
2.1314732240513 0.181695674232183 2.1226704723889 1 11 0 0.860336881281708 2.87683649254016 0
4.84288912315387 0.182025011057773 1.76899098168703 1 10 0 0.877767459677516 0.306247197011682 0.458272060845047
28.091352870944 0.063436672665246 0.140072104729858 1 9 0 0.734226160938711 2.98152266025781 1
36.6255839281017 0.00379249467249094 0.806109757958098 1 12 0 0.874251755871103 -1.16786556715491 0.841894244775176
23.872038131021 0.122563820613704 -0.750359287868742 1 12 0 0.810653453008307 0.258123521742806 0.649364120559767
19.6739381110761 0.155083760712298 -0.681326772529799 1 10 0 0.632171772138407 2.45536524424345 1
7.23432998151984 0.121353857563214 1.00556301955615 1 9 1 0.834625465228535 1.77869162595037 0.2649782798253
34.1343163834186 0.327698128515002 0.552175551768117 0 9 0 0.986149624161816 1.87143593043282 0
20.2526571093127 0.145952761884594 0.550258985194488 1 7 1 0.845994697316439 1.95400434489298 0.613866013009101
20.6985884112306 0.101296009956265 -0.080669111775473 0 10 0 0.591782821754784 -0.264592605613476 0.264724548440427
30.6263118420262 0.0520001160330139 -0.711320188645709 1 6 0 0.981639101374529 1.51884482312313 0
26.9302835050272 0.172319450876081 0.278092927308126 1 11 0 0.833571634141435 0.125985192561849 0.565966075286269
22.4042789949104 0.0103435225558387 -0.248280750362581 0 11 0 0.757855978038674 -0.109417153879808 0.805540488101542
32.6360606120667 0.061888538999483 -0.033936399169354 1 9 0 0.969515907797736 0.877846805935749 0
23.2471053954447 0.0198757430615255 0.301545014652042 1 8 0 0.732345272353132 0.43321428082194 0.724099307786673
11.8243936547311 0.0652448888868093 0.00761444238537266 0 10 2 0.992666247204206 1.84141489388809 1
38.3966787489131 0.322700123519716 0.0983775838189064 0 9 0 0.993589873585884 2.50554977650604 0.703847166383639
36.8880974767031 0.23095827126188 0.0447154296700637 1 12 0 0.868578107528981 2.02087151474416 0
18.9566587660462 0.0149750278214924 -2.12960170866426 1 8 1 0.932499144128587 2.64209821177982 0
10.1939835620811 0.442649014966384 -0.274438268175089 1 10 0 0.774324260876411 0.647645865240059 0.504227937897667
16.2063773233909 0.170208219084294 -0.798730493045375 1 12 1 0.812637191887541 0.204425716899093 0
33.85665835978 0.30651588619974 0.0075805248378777 1 7 0 0.748223389898944 0.485825081632123 0.169431983027607
33.0196045227582 0.0297083567129448 -0.0184777982496653 1 10 0 0.962212380043262 0.434939789076874 0.604015081189573
39.4390013426542 0.108818831889301 1.69724870284027 1 10 0 0.91874832128226 1.93966553188104 1
22.8833230559481 0.0533687960637274 -0.332825308182796 1 9 0 0.637643672611715 1.08358749074119 0.00502242147922516
0.847175592929125 0.148202289589086 -0.381513687443191 1 7 0 0.962678686771554 0.889746380114843 0.83697052905336
3.66540421303362 0.0401254224125296 0.468017140430711 1 10 0 0.981266285321207 1.72930620923126 0.649985697120428
28.9369055378716 0.531421704651946 -0.0555477175870793 0 10 0 0.837131967753868 1.45564230221744 0.587548089213669
10.6005004727282 0.101999523811379 0.522957361882017 1 8 0 0.926191718735247 1.21416024142932 0.774958880618215
21.4751562961843 0.0241396363126114 0.686099617002213 0 7 0 0.87270105429348 0.732053010759945 0.521249682642519
37.5047883847961 0.344989994757888 1.07260338730908 1 8 0 0.771266503774702 2.58091888616124 0
14.4252569731558 0.0779953117598779 -1.19776913391934 1 7 0 0.767440428979693 -0.112761625782284 0.641528705134988
1.58233119666111 0.128019819962198 -0.665678193676937 1 10 1 0.975456078997366 3.5634227364776 1
15.2339052497642 0.0284731016042079 -0.415654586423201 0 9 0 0.949242718326979 1.45297271042429 0
11.5373245285824 0.029413812502753 0.638145721720707 1 10 0 0.927341167966216 0.83213039176097 0.76502784457989
27.6286967291031 0.0302772305320548 0.144462710121264 1 11 1 0.885104439927773 1.13498425253143 1
19.2337472449522 0.520011479469174 -0.00890376403785431 0 9 0 0.534728354321417 1.22266656739558 0.821829004911706
1.70436088056304 0.0349219547805215 -0.462649605302972 0 8 1 0.990743256055241 0.069860917441775 0.819401198765263
3.19453235170804 0.309774641723482 1.66014173115534 1 10 0 0.791472193404564 2.12521641646707 1
12.2576768778032 0.148122760694811 -1.98211900823556 1 12 0 0.895379775130966 -0.137265912237846 0.990677444497123
10.2830472211586 0.142285914504306 0.987274022773803 0 9 1 0.872162157477749 1.8097436954687 0
25.8003867512103 0.04729198012501 -0.393144015980252 1 10 0 0.964789010743425 1.38285532109921 1
1.3527283069212 0.0958839924953521 0.437526977037734 1 9 0 0.749080085414825 0.0221035653076731 0.84594015404582
33.2187241018051 0.268094507728782 1.17973206263031 1 9 0 0.883843425186356 2.47842408168431 0
16.1502776310314 0.0112688933731988 0.18265674512691 1 7 0 0.690713774990595 1.1919690148975 1
35.9782357268501 0.0308437481719207 -0.283269329613822 0 8 1 0.758723396141972 -0.0427143729992379 0
8.25746037487406 0.0301508637494408 -0.0521441961495265 1 9 0 0.546590261252586 1.55574699589945 0.202588002663106
12.4253847952001 0.0401089346382537 0.790337183829845 0 10 0 0.836022367026731 -1.17052695511301 1
40.3938480339944 0.144372786196505 -0.392724119322672 1 7 0 0.963811405115125 1.77315336142162 0.641051997896284
33.3856161007658 0.153589563555421 -0.425609023787563 1 8 0 0.332536299911784 2.00886564316216 0.536399803357199
11.0483933820156 0.0685345849487931 -1.66102559859511 1 9 0 0.906481602302866 1.12834792439152 1
17.6314390019048 0.0021807235001404 -1.22473291871847 0 9 0 0.807713376987933 0.683461107165866 0.348206142894924
24.8781793288887 0.258381811658594 0.145450015942057 0 8 1 0.742530424674925 1.26884981056019 0
11.6165362155531 0.229670677090737 -0.185319501727974 0 11 0 0.808100000933539 1.92239086026079 0.162417341023684
25.2629779308569 0.039263065205887 0.803388887712573 1 7 0 0.532572309491428 0.997440878325952 1
7.91013789167628 0.0424042100203224 0.390673842342263 1 10 0 0.986174872956981 1.41057512965144 0.232159769395366
39.7789081300376 0.0178828886128031 0.610429933478067 1 10 2 0.878708121956658 1.10818565578515 1
29.1308976586675 0.241157609958875 0.665352421762782 1 10 0 0.968522995224777 1.44518570010927 0.888260543113574
21.9855503239902 0.320674463225985 0.720084094453556 1 8 1 0.883052955239516 2.26619482472949 1
31.577279292536 0.0117481338093057 1.05905079961818 1 9 0 0.946418667637096 1.6998141615677 0.188281725859269
13.7500290142139 0.0324319897232506 0.349437643941921 1 12 0 0.905497190281285 -0.00660839040803207 0.432998220436275
9.47602276157122 0.108958535007538 1.02204332829996 1 9 0 0.857998513376168 1.65879429533239 0.34512073174119
17.0112061988562 0.045043581223581 -0.225841218114697 1 8 0 0.948705707034048 0.925203175525354 0.509947330225259
28.7787748208735 0.0233484654454514 -0.327865262156552 0 10 0 0.867997459537649 1.41245556672489 0.815969343762845
39.0416661860887 0.0195089868502691 1.49352989182376 1 11 2 0.816596528687261 1.23598973737921 0
30.807222869969 0.00992978088218049 0.340972005369609 1 10 0 0.936933090357156 0.0582958278872279 0
32.335924509936 0.0562278275855384 0.199244284228383 1 9 0 0.761071127636154 1.52986487199521 0.608994500944391
18.845332462946 0.0922524409781784 0.259621608523664 0 10 0 0.856531458865828 1.89424419238566 1
18.2007355345646 0.274139723026273 0.971868318057061 1 7 1 0.980403143501681 -0.334746401130071 0.175772772403434
31.8292130433489 0.174853356777433 0.504038585507587 1 8 0 0.653870132243919 1.36661656645313 1
28.7518335307483 0.0529294122880824 -0.46479423453699 1 7 0 0.860648709879813 2.99750567723923 1
20.1804895961192 0.134795217071065 0.11732492822856 1 10 0 0.879524662519485 0.645336838892725 1
12.8872880372452 0.280298450046214 -1.97718317196998 1 9 0 0.888479397328821 2.14942611216777 0
16.2312593185576 0.0626158186933026 0.082732235505116 1 8 0 0.410292414503194 1.75186246166943 0.822667507454753
37.6585694048787 0.105341633543709 -0.562982995790679 1 11 1 0.866688377867705 1.2606480464087 1
31.3400139950914 0.0382848346489482 -0.611050969136778 0 11 1 0.875016173636228 1.47366839317783 0.597997523844242
25.3087644516723 0.0175580244977027 -0.298144248951029 1 6 0 0.976321324106884 1.23802465291596 0
4.27772274638992 0.0182636766694486 -0.0681268741041574 1 9 2 0.900759251687431 0.58110305570593 0
14.9945889091119 0.0450063441530801 0.889321504641942 1 7 1 0.921361399579069 1.64940615371372 0.546117710880935
8.35630656187423 0.102431386121886 -0.87085455222753 1 9 0 0.973161848838899 0.0659584181843245 0.603960620006546
19.1872827664716 0.0470915355624284 0.495907671653148 1 11 1 0.635611516691461 0.263108681686604 1
15.8762313040439 0.115013912771725 0.863619298606799 1 9 0 0.983167728199468 2.29715682388683 0
7.07615504905116 0.27448342235705 -0.252210857146443 1 8 0 0.938919181212789 1.77109003237537 0.794896337203681
29.0023180557415 0.190039634926918 0.462597372121344 1 10 0 0.572230115991517 0.205483648882728 0.529371050652117
28.3935085939243 0.13425407022644 0.841069107077463 1 8 0 0.901616449634314 1.19818933552833 0
15.792545283935 0.267835975841698 -1.01773554574245 1 12 0 0.369977815279868 -0.391383638274412 0.599355360725895
40.5330710041104 0.170364141575398 -0.308608754258502 1 12 0 0.983903452202949 0.873495470403945 0.581700761336833
15.1540277798427 0.294456875634459 -1.15513129580589 1 10 0 0.753746782899071 0.602115866910365 1
32.6390892171999 0.0411480180337094 0.45881645006342 0 9 0 0.810959611573661 0.844625670058156 0.83620603592135
39.5191561738262 0.0666790347850861 -0.391774156498017 1 12 0 0.912134011465454 0.712663927015125 0.0192422762047499
18.4184540865477 0.0194239150003671 -0.506307588821722 1 8 0 0.821713898910288 1.86433536081005 0.107677037129179
19.1202775157522 0.0282713181222789 0.200411057338336 0 10 0 0.94269878757404 1.68166294777602 0.186433163238689
5.68869102387689 0.0387554869229836 -0.742033711070257 1 10 0 0.578091076271376 2.43605717487077 1
18.344489112054 0.0519683221937157 1.18247233341989 0 10 1 0.810175525127738 1.48338736860067 0.890074114082381
27.7109479204752 0.00925134588032961 -0.0933220918485958 0 7 0 0.641470372835969 2.05365108179789 0.364375303732231
16.4090747611132 0.02468762465287 -0.0380664476967471 0 11 0 0.949814095193282 -1.65393115900426 0.616611927514896
16.3982386855874 0.0931594987580195 0.453821674810428 1 9 0 0.885535244717995 0.455110832188687 0.542639920255169
3.17922295760363 0.00747375574454664 0.0404369750689946 1 10 0 0.606126322916509 1.38274441565928 0.0364082178566605
10.4949394862866 0.00992217813344645 0.0538320917473582 1 9 0 0.944623208569053 -0.207842093831527 0
10.3804536902113 0.0923516572672113 0.185829483713302 1 9 0 0.979760101723143 -0.390906581604623 1
17.7136635635048 0.11212055524286 1.20338266828446 1 12 0 0.791297631918627 0.0862835727620253 1
4.68581377996597 0.146877253655681 -1.58459788248891 1 8 0 0.9784739666716 1.50636838141853 1
11.4793364414014 0.0876593468658269 0.0246467840111698 1 10 0 0.993081247310347 -0.539950273022463 0.194279943592846
16.9028432405554 0.0306384158320725 -0.971780338030668 1 10 2 0.625900078938297 2.10413878739054 1
36.0552718116902 0.295337870142031 0.850172329299985 1 10 0 0.996602634624885 1.60487374044668 0
41.4175949413562 0.0159670806024224 -0.0126083234856097 1 6 1 0.890916608747928 1.81503244797069 0
10.1281665151706 0.115013963003088 -2.00724376268726 1 11 3 0.637720542310218 0.789696230775022 1
4.01259559581522 0.0139772834954783 1.08276705212383 1 6 0 0.770500333952213 0.744572421910706 0
5.85428322714288 0.488015704682612 1.32050711849041 1 8 0 0.867385450084889 0.533063298621234 0.639887954108417
5.92448721979745 0.258509776544499 0.0524697954898036 1 9 0 0.985000997288162 0.481973823875143 0.544172959169373
3.52211772908922 0.0671151235001162 -0.926933991747347 1 8 0 0.660521781646553 0.708681547097426 0
1.44293613792397 0.134931093560438 -0.0847011280449394 0 11 0 0.973373856342944 0.504785642656397 0.0722480004187673
11.6591541220201 0.172672269045712 2.00785443114515 0 11 0 0.863207070629322 0.848663254218824 0.24673926574178
27.8664982454153 0.115457424539478 1.25635440161425 1 8 0 0.849910536824653 0.791056947061216 0.0311447801068425
32.3798967470881 0.120322495052332 -0.252105343739019 1 9 1 0.905974859989324 0.609101344791906 0.990146090975031
37.2916121414397 0.11213338409491 0.0325321324659733 0 6 0 0.867226455370529 -1.04309026367513 1
22.3781256890157 0.0526127127814107 -0.706472788809759 1 10 0 0.930629247460764 0.305664465787069 0.78336756490171
7.63344393149018 0.352716655819758 -1.60800063958412 1 11 0 0.999653473858607 -0.956990099537489 0.108086228137836
0.750582385133021 0.117597695784049 0.608881926968776 1 9 0 0.626104504360417 0.529394150083787 0
28.6661049414193 0.12790897511352 -1.21126064406722 1 9 0 0.967732894221061 1.4256312194076 0.916309749241918
37.5969615528826 0.0231418604400536 0.167517555394851 1 11 0 0.865794216216973 2.06380829397703 1
24.6879029405769 0.0333428769372404 -1.22228622986811 1 7 0 0.865361804729188 -0.550037181316713 0.0038685945328325
28.5041815593373 0.113280414249153 0.678739326913742 1 8 0 0.929867308845046 1.19502595976485 0.674494170350954
36.4833094817819 0.0993504006752406 -1.28895209649082 1 9 1 0.493632125562056 1.24457031290938 0
38.9430187464692 0.166641233716497 0.010165852887143 1 10 0 0.921001594684368 1.7966124424663 1
26.9505265378626 0.0861359227565117 -3.48438272972494 0 8 1 0.805597936742468 0.998558079158056 0.71031296486035
0.160104661271907 0.0425292590516619 -0.768335219680925 1 9 0 0.817965399912856 -0.994796061891128 0
19.990293599572 0.474287421739389 -1.48908711522925 1 10 0 0.934274625052427 1.75398502737717 0.309303222224116
16.6440805668477 0.00930541282286867 -0.725150491478109 1 7 0 0.969070145998905 -0.619347233165118 0.316020186059177
11.4271313628647 0.101749782445246 2.18386531703834 0 10 0 0.421328365322842 1.54660518758207 0.778014477109537
22.3251847746084 0.0295014543808065 -0.222650450731112 1 10 0 0.810042296819949 1.86670383793019 0.616908970987424
32.79600585429 0.0190018658759072 -0.157202843351741 1 11 1 0.977979473251173 1.11405711502402 0.642452819971368
15.2268437318504 0.142357202823611 1.48963430547227 1 9 0 0.871847881163726 1.53245780421334 0
37.2390992841916 0.148921688314864 -0.375371740615288 1 9 1 0.688965312261649 2.40645389461254 0.843538352986798
40.6886589353904 0.216903861368749 -0.277521767965583 1 10 0 0.984032758625627 2.20478545868553 0
28.7114655694691 0.502852382810608 0.487082545651308 1 9 0 0.748895248554125 0.643289088619839 0
24.6649130023085 0.0312679394264705 -0.860667370473262 1 10 0 0.664475255416682 1.36339158014638 0.606545506510884
10.9727322958875 0.0205761616379612 -0.894030865202484 1 11 0 0.692934432458091 0.000271124033034198 0.451828070683405
32.2745591280051 0.0842020862037316 0.277519285297449 0 10 2 0.915701542481937 2.57099409630241 0.269979496719316
3.39667819757015 0.0610356403631158 -0.0836996624609838 1 9 1 0.925096896010816 1.70826510212733 0.713180155493319
29.8133558905916 0.0967511318105847 -1.54725014575613 1 9 0 0.499512171762843 2.91400662353721 0.110986741958186
27.5604336274788 0.0516870381591235 0.247491597038866 1 12 0 0.728985833959946 1.99113282110644 0.57431647949852
20.9674923611106 0.140137932490894 0.726936586083446 1 11 0 0.982641212471636 0.560405620561217 0
25.8601766188163 0.128766777687112 -1.38796710892664 1 8 0 0.862323403856286 -0.216513289610181 0.539855749346316
12.7418292943854 0.0222259423462674 -0.847452071923317 0 7 0 0.897507766314143 2.3635491750544 0
22.771052468475 0.00550030806907528 -0.77980257119231 1 10 0 0.864380834006933 1.28301086279378 0.29164586472325
30.4598360347096 0.0162197831637341 0.146864961745389 0 10 2 0.903039434800704 2.07191340481308 1
39.2891809117515 0.0135509467218071 -0.431944128300345 1 9 0 0.872227273978185 0.251385723862424 0.975044592516497
17.1974943439942 0.0206035867449827 0.787712682811064 0 7 0 0.964384040819623 -0.170774422625122 0
27.1781511524692 0.0737943338463083 -0.770873869079612 0 12 0 0.836447768272673 2.52476733246296 0.948896714951843
1.97766338081565 0.0204069283790886 1.39464005150564 1 12 0 0.836783423141632 1.08046168210038 0.601670623524114
21.146533265966 0.799018477462424 0.659046231348248 0 10 0 0.957234375400896 1.07251204367278 1
7.89269529436715 0.0460516833135587 -0.136941926467863 1 10 1 0.99391235744466 0.317600161459318 0.328929898096249
32.3203279278474 0.0303109539090656 -0.993734011927873 0 11 0 0.881932797377266 2.07978151833232 0.842631624778733
4.59658844841178 0.0581263232161291 1.00296453311251 1 11 2 0.955774006428123 0.478206052136567 0.000492603983730078
20.9857036466943 0.40250747555629 0.0533220179725482 1 11 0 0.439109957097552 -0.162876562144806 0
11.798086773511 0.0655549280927517 -0.342444501449698 1 10 0 0.804832481054613 0.590754464810436 0.624358900822699
9.34248472601175 0.0117515780148096 0.143831839916158 0 9 0 0.818197074132463 0.354390373216959 0.821136883459985
38.830717065162 0.0492561715655029 0.554939416273341 1 10 2 0.889027946242528 1.19945897909157 1
32.0828618249157 0.099801824073644 -1.25455745572456 0 9 0 0.953950564531467 0.751955059002715 0.581001756014302
3.36515447057318 0.0722147587803192 0.523081800380062 1 10 0 0.848564829712657 0.633953689608789 0.656184678897262
33.7717908126302 0.171623989119531 -0.0976782464702905 1 9 3 0.69136597403382 0.823236338442014 0
16.600249102246 0.256499885570932 -0.528056207234009 0 9 0 0.989955163900127 3.75728008560053 0.78318653954193
18.5202546322485 0.347739411496973 0.78766003749388 1 8 0 0.932970695121126 1.51746290273747 0.392392103560269
24.290645943745 0.0335744253825396 0.0913756976883035 1 11 0 0.491815528047729 -0.0911784369033717 0.736196035286412
38.8599845083896 0.140688276123599 -1.10565068153417 1 9 0 0.924905247482654 1.97805071431177 0.837186292046681
34.0974639675347 0.731850741389108 0.0724381533763389 0 10 1 0.968405357851744 0.763850138709539 1
17.1528433182044 0.150453573682443 0.0440272815864417 1 10 0 0.975285379767112 3.60937471094566 0.516931711463258
3.26212143795565 0.116699809668922 -0.268711509800017 1 11 0 0.955517173713697 1.86425059413503 0.229390964843333
14.3345661248546 0.0114605709095486 -0.646305938238224 1 9 2 0.942195958596247 1.62148946674599 1
39.3261298943777 0.187670810839404 -1.86835521369221 1 11 1 0.933021177283686 0.736991939889745 0.865844152402133
23.9347956625512 0.0181888162042014 -0.49100876186884 0 10 1 0.983201871023721 2.51877525776501 0
3.47758571596351 0.1495756442485 -0.608964964715147 0 10 0 0.947374740909944 1.86441232311125 1
10.2328888667049 0.256581938116553 -0.383560565708377 1 7 0 0.913938738326735 2.3598040999013 0
40.8651596247451 0.239673020074818 1.33258597334887 0 9 0 0.982657252083919 2.43709800045516 0
3.96725596431643 0.0140600306926624 1.72088645726089 0 10 0 0.995007455345787 -0.131934984019171 0.673165712272748
10.5545269444352 0.119169487863491 -0.903155662898537 1 9 0 0.925765696948611 1.00933699675281 0.429623743519187
12.8696809556801 0.0795077084912919 0.100668612470338 1 7 0 0.998957411786061 0.894767508783989 0
29.634746985184 0.111659455340692 0.377652005166726 0 9 0 0.463575939342261 1.03100828590411 0.150286534102634
41.5144414218608 0.0421224577003159 -0.69850213568515 0 9 0 0.957517835398876 2.17268270075256 1
7.97614747299813 0.163846333051265 -0.495606975502449 0 10 0 0.977332099133319 4.02343099015879 0.661749198334292
40.7166693973355 0.588732054891223 0.105445449408363 1 8 0 0.939536119310625 1.18302495362492 0.950769711052999
9.04277804344892 0.0385149777284823 -1.09115648510183 1 9 0 0.534978756449374 0.192288020767147 0
31.1938742508879 0.105162812275217 1.51021624391465 0 11 0 0.483558140192787 0.795836921865228 1
6.58988427082077 0.133432432887481 -0.441627727732999 1 9 0 0.397551314527963 1.93649338325657 0
31.2413296544924 0.18523633548871 -0.763565494894118 1 10 0 0.974286396036701 0.830742625480914 0.44856496527791
3.78640480504837 0.11882459837918 0.710413638102838 1 11 0 0.799477431356388 1.17013594723512 0
4.89592472978402 0.198027363967824 -1.54891476812618 0 7 0 0.943639560320867 1.89132831371725 1
1.62626597241033 0.168925401865841 0.735550399322353 1 12 1 0.922192622161544 1.26618620755145 0.48826594161801
2.68926922199316 0.0384209211333655 1.29476022260627 1 7 0 0.970787820574003 1.39306751474495 0.292528585763648
34.7306213120697 0.0219907247810625 -0.409758487370696 1 6 0 0.961560989273657 2.78792599777182 0
41.2446911360836 0.0666787872323766 1.08072720767901 0 11 0 0.978291680408332 1.17158659932706 0
36.049074601871 0.0876102196000159 1.32213778991672 1 12 1 0.890032180176328 2.12078386729031 0.823844180442393
22.5621334811673 0.0752237066626549 0.315352443885578 0 10 0 0.756217149891848 1.8281203543409 0.0532007392030209
8.57832136764191 0.195892772859636 0.457957625720286 1 10 0 0.539486446339095 0.692335090123348 0
24.6874119130895 0.0720019655418582 0.75365687253739 0 11 0 0.994203873759262 1.75525580530419 0
29.243240376492 0.0784984261263162 0.804306066576612 1 10 0 0.744920295360409 -0.185997195981309 0
25.7804631113773 0.282631009177418 1.70839140129581 1 8 0 0.973297984319036 1.41731912379077 0.282936319010332
2.1582340771798 0.0974594473009837 -0.996101488271753 1 10 0 0.836396670088559 1.71930222252 0
3.11350299920887 0.0717313016123787 -0.220117060483692 1 9 0 0.794459524812172 0.89646739565179 0.247050537029281
38.5689292744733 0.236109432288188 -1.19558967643436 1 11 1 0.680921280837392 1.96986764990398 0.585927311563864
10.6742063866928 0.0647015675203875 -0.153524292162045 1 7 0 0.971479035077491 2.25129529655128 0.915892292046919
9.25134825417772 0.386068043278015 -1.00515283721041 1 10 0 0.885765110905786 0.547406885028251 0.00140737649053335
17.4546889531426 0.00538823450915515 0.680477411623277 1 9 0 0.912671587066884 1.77913310125675 0.274423587368801
13.9301132631022 0.034205442876555 -0.904895293492781 1 9 0 0.925522642545644 -1.20208351795249 1
36.7711532193003 0.14934859284606 -0.522256961522776 0 8 1 0.580459524052308 0.813168491912186 0.711096544750035
33.8011498657521 0.359792694159326 -0.534881731838633 1 10 0 0.976195042079338 1.06882009417183 0.281710951589048
5.1558208693983 0.531968394728536 -1.33382093565641 0 9 0 0.981834408208676 3.15630496093012 0.0277443286031485
3.85661043066066 0.214756521851498 -0.742304485392207 1 9 0 0.609185275996703 0.856647342877807 1
11.848941009515 0.0220800196402706 -0.182422502121195 1 9 0 0.800564190618813 0.490503300981889 0.169027653988451
2.56895424032118 0.241724819865751 -0.25825383493841 0 10 1 0.932683369310352 0.495184091708917 0.33487471123226
20.3664728322998 0.105940873230378 0.0620652950730529 1 9 0 0.916810834453845 0.264620829990039 0.364785813726485
30.8480095641222 0.0240590046919124 -0.284865397539236 1 10 1 0.930210548370856 1.0664347253172 0.938998968573287
8.00164415596519 0.0193722859839909 -0.762594042013265 1 6 0 0.965142300471375 -0.100902016801977 0
21.633484407817 0.00645092022714778 -0.790102682427609 1 11 0 0.929675162874659 1.58358837218226 0
33.2273946048459 0.204904678551441 -1.40850312250783 0 7 3 0.968734997775683 1.50662222976246 0.64440367766656
11.6280330978567 0.00135200516736544 0.39090939562905 1 12 0 0.909129498242583 0.127979353736369 0.676681875484064
19.4054508552887 0.324025233493266 1.41832776272765 1 9 3 0.995284154054627 -0.564692573789565 0
4.8924874793971 0.00734804635300914 0.557621781903221 1 7 0 0.918779924213109 0.791650405161304 0.882681546267122
22.8575802021893 0.483579973431125 -1.16099904967929 1 11 0 0.864426217761119 0.432409890224686 0.316352994646877
0.491651893616654 0.0408521165858666 -0.249152406996261 0 7 1 0.666489189492591 2.28252189748562 0
35.8706698451657 0.0572124777827412 -0.628011490946247 1 10 0 0.929953419373824 3.36557721428603 1
26.3043718547793 0.281705501706418 -1.04430611806151 1 7 0 0.65041193743735 2.80174179228797 1
32.3053775525419 0.0362922070854914 0.500116229975829 1 9 0 0.719552972914648 2.6651221860723 0.143476722063497
20.603483098466 0.186934884176673 -0.351859810451175 1 10 0 0.976182818454184 0.598896284522488 0.688204172533005
0.966003742441535 0.0219052579486743 -0.449655486623156 1 9 0 0.99397675723901 0.229772309221398 1
34.0474125379929 0.0785490534035489 -0.769856650853022 1 9 0 0.819028617111443 -0.551617503066265 0.389208337292075
2.81930523961782 0.24965681414001 0.836690814407267 1 9 1 0.975461257135699 0.669260003979247 0.984675128245726
17.0016146110371 0.0446051078033634 -0.202115439693627 1 8 0 0.96063760389991 1.79898003331116 0.514324255986139
0.993560329102911 0.00784716010093689 -0.303764317020836 1 9 0 0.993100904126178 1.60245428167676 0.988670799415559
7.67026885764208 0.176108545549613 -0.0446675747862496 0 7 0 0.903587426901399 1.06578817035167 0
18.5702955296962 0.0520678982138634 1.05002434927877 0 9 1 0.767384066982731 2.29664491150752 0.632359850918874
37.554593662871 0.00584313639313792 1.10755914210849 1 10 0 0.956341420974615 1.28053977717842 1
24.6984447745141 0.0971602100127951 0.802265359657412 1 8 0 0.641931388451195 3.13227605384851 0.541988876881078
8.51548948339187 0.192230403155957 1.2034637323054 1 7 0 0.845571570821353 -0.181452034872722 0.299861890962347
24.9704009929206 0.0826201849849895 0.349965118456855 1 9 0 0.959328838890246 2.26118930904412 0.866090762894601
11.6810391663108 0.0142392870038748 0.809002929069297 1 9 0 0.682756150802562 0.119095863441982 1
11.2846761510242 0.0298336187261157 -0.387857049917769 1 6 1 0.95326789285301 -0.0196648724091522 1
4.64064939671662 0.0727833347627893 -0.966093235771477 1 11 0 0.909052462458489 1.60118840519614 0.898557900683954
10.217282631807 0.268920908918305 -0.235783597568988 1 11 0 0.806208266445842 1.13900182728194 0.434906591195613
33.822158369259 0.0761318578151986 0.881134982135988 0 11 1 0.896588385682569 1.8168855449559 0
22.9635386544047 0.406679452375925 0.38044911089146 1 9 1 0.983990362258735 0.816107175849426 1
9.01452755604405 0.158087527873877 0.00884220329823113 1 8 0 0.847398032610926 0.957408714542873 0.976858649868518
3.40350151623134 0.0466748765902594 -2.53527712304002 0 11 0 0.986195749018918 1.10523418673108 1
4.51433100542054 0.000408860778891359 0.462330062190056 0 10 0 0.644593820428122 1.02781725547609 0.902483062120155
20.4148050182499 0.2900828046101 -0.677995825067065 0 7 0 0.996648638324251 -0.157087726905949 0.710105747217312
20.7916054802714 0.157274408726358 0.0502377847460279 1 9 1 0.532667885953422 -0.723080944323193 0
10.4045046741609 0.0620610728510655 0.696636341506868 1 10 0 0.958551859901857 0.852940665507686 0.458722150884569
35.0761788095348 0.149603441934438 1.25338325325213 1 9 0 0.778459856938213 0.0436065020809115 0
39.0370412536664 0.00231924088438973 -0.162766879699614 0 9 2 0.543094938869071 2.80749481896881 0.846381922485307
1.93079014113173 0.0820012273616157 0.7180960855342 1 10 1 0.874653959397696 -0.376986375410315 0.813630304299295
25.687967100786 0.194244366128671 -0.456875725840158 1 9 0 0.993970590515542 -0.206443515522061 1
20.8078175521456 0.0122214768198319 -0.654245383708737 0 8 0 0.657357023218729 1.23380765962947 1
29.6385148273781 0.0147305216451183 -1.00853542304531 1 11 0 0.746308017747478 -0.504605984797823 0.132160478737205
28.3341588422423 0.423213697948909 -0.810452102199431 1 8 0 0.616289074840095 1.87797474735078 1
30.7712922635488 0.0887904715644311 -0.85138888793397 1 8 0 0.864765231008388 0.677219470069263 0.355117376660928
23.1566406393191 0.0321252511348575 0.00999648301031716 1 11 0 0.804316808975218 1.5853597974348 0
26.3532844074303 0.0998926809936404 -1.15375336278939 0 10 0 0.7953329960474 1.73848908264508 0.666043163510039
11.096386299259 0.10134161429607 -0.721085021786427 1 8 0 0.615609419030748 0.248646388271344 0.160304174758494
32.3347712939372 0.06878886022605 0.353771225658417 1 7 0 0.627543467847166 2.56973756398175 1
2.36675806264393 0.326192706109104 0.308041622547581 1 9 1 0.869278748105491 -0.666868535609937 0
30.6712967931759 0.2798308951157 -0.609314421626966 1 10 0 0.741475364095516 1.9781240780057 0.517262902809307
31.9591905450448 0.108333482240942 0.00896655796717203 1 9 0 0.549955747790101 -0.160547320359793 0
7.59448769597802 0.0316239966778085 0.577305438818664 1 10 0 0.844693383112705 0.767161576253869 0.293165287002921
10.2157396896742 0.308468649846581 -0.950040467016127 1 8 1 0.757963861433487 0.566081579614145 0.0927517740055919
39.3408431526274 0.0586268249360809 -0.919597145364041 1 8 0 0.982176640533866 3.31669035400174 1
8.96647255741991 0.0108117847121321 1.30328982661411 1 9 0 0.971650079089165 1.49142076877328 0
19.7431393903913 0.0257072184758093 0.28391654936234 0 9 1 0.960822525278418 2.60020250292137 0.490831186063588
38.8653255652403 0.121132326190697 0.895998154806248 0 7 0 0.948289074901858 1.20169554347651 0.280024466570467
21.1255942356307 0.00852095028547427 -0.356164971042613 1 8 0 0.891452903033823 1.62581973964742 0.869599764235318
3.72304731132463 0.0643616044544615 1.14834716549308 1 9 0 0.81400077229497 -0.90345946595923 1
26.7537656357978 0.00985608529299498 -0.978392425388777 1 7 0 0.962056823901343 -0.208399997867656 0.43786175083369
23.1725900368998 0.0645854162402304 0.391819207263921 1 9 0 0.492175109538356 -0.587925676600176 0.00699944538064301
16.8274069131818 0.126595740655626 -0.36607337443444 0 9 1 0.936175848484916 -1.33629878855343 1
31.0549312025774 0.104561219917947 0.491182252020872 1 10 0 0.922661400467149 -0.133296600373391 1
13.1765806623967 0.00406870030565187 -1.21260640712079 1 11 1 0.672588320925448 1.24410162060899 0
30.1046231577871 0.206708861970085 1.45315668114907 1 7 0 0.979749752050718 -0.689328430399305 0
17.4641977335792 0.0676910847541876 0.414616626203944 1 11 0 0.39472053614559 0.00509911369155325 1
1.52292888113298 0.0877651115826905 0.422159210490265 1 6 0 0.783634848005002 1.44003724022286 1
20.5407352873823 0.251042727603319 -1.59264556317825 1 11 0 0.795354659004228 -2.17946485415004 1
4.39566818079911 0.0392058857833035 0.112988380746727 1 10 0 0.778407457085738 -1.85073843815188 0.729768858989701
10.0679195546778 0.263639220719305 -0.472841176139405 1 9 0 0.931006155863798 -0.716893780904502 0
24.4006100315833 0.0178748695761897 -0.330792688599184 1 9 0 0.978359677225921 -1.81613736157652 1
30.7673243212281 0.101108857425267 0.248647268178236 1 10 0 0.945198886189965 -1.76484316950902 0.694884734926745
36.8367011567112 0.455457434730426 -2.11941326987675 1 9 0 0.949961211595565 -0.296514679337876 0.0457118176855147
29.4556109049823 0.0123156775100442 0.791814683323695 1 9 0 0.791272446094292 1.06479545424396 1
30.9413387116743 0.163771861926058 -0.776222042645221 1 10 0 0.839354391837435 -1.80308728324045 0.559646512381732
11.5279141797451 0.151206310367549 -0.132888967668226 1 10 2 0.907488575668464 -0.114263181113362 0.951147622894496
28.3686718674377 0.141523346299642 0.918341633649424 1 9 0 0.741551923912948 -0.155010451889925 0.603211832931265
5.86991767645813 0.0778701353313303 -0.900388406408069 0 11 0 0.943836228011758 -0.208390865038637 0.234621668001637
10.8680605273927 0.00884562604407231 -0.298619022841384 1 10 1 0.843350451784555 -0.991899305324234 0.217960646841675
1.39321081680246 0.0137817361737489 0.477666405282879 1 11 0 0.732962648989683 0.235973993488689 0.413188777631149
31.814586447808 0.0118358011241071 0.700516373021894 1 10 1 0.927214365321629 -0.596253381813319 1
38.5004268237622 0.200177063920404 -0.025465778941731 1 9 0 0.976029234244589 0.337822971414138 0.438193335197866
15.7249745757086 0.00917621183907613 1.00819504748906 1 8 0 0.859955897806507 -1.07852559762292 0.778382173273712
36.7181379231857 0.500635155217543 -0.602245786420645 0 6 0 0.776178918243151 -0.920485612619822 0.155362880323082
3.25889363130555 0.0788135853945278 0.31595967101561 1 10 0 0.809438840453785 -3.71271566114213 0.0303368871100247
17.5784040426603 0.0226363674100627 -0.0114454709902406 0 9 0 0.645780657497593 0.385159313766486 0.785990440286696
13.2412006353494 0.0912221691053003 -2.26487870591068 1 10 0 0.886125860929011 -2.13359787131292 0.762742351042107
39.8141535609262 0.0210502606350929 0.164096990191774 1 9 0 0.909507785693516 -0.525223473083605 0
23.7795199450571 0.0617037353222258 0.451895751033664 1 10 0 0.860275297351981 -1.1787500506141 0.650530256098136
22.7078987176297 0.0583104055258445 -1.36289983200712 1 8 1 0.852912190072228 -1.75654063427604 0.28160153911449
26.2142037558602 0.1512576010957 -0.152004586361544 1 10 0 0.823828325579437 -1.13474345095191 0.895562917692587
30.8845729561523 0.0377379136043601 0.547578306547732 1 11 0 0.916736873321838 -0.920357190773678 0.274578712647781
38.7029878756963 0.0082640913897194 1.49535324971086 1 8 0 0.75635228260503 -2.20385479137622 0.460359470453113
9.25479954413604 0.0104663887177594 0.540953795413427 1 7 0 0.873591282796745 -0.00835228154746526 0
5.48441302801948 0.195778349171135 0.220426392425136 1 6 0 0.688124450674859 -1.58367681784925 0.535055584041402
34.1217174479039 0.0890555432722294 0.490826633690695 0 8 1 0.928197356010301 -1.62215282937006 0
34.313170966832 0.104606686271133 -0.58355772819448 1 8 0 0.869320511965302 -0.0508081394653804 0.34968434413895
29.0455742940772 0.0291103606571617 0.691582752896882 1 8 0 0.730812042460999 0.994923945446555 0
15.2522974844556 0.0692356877055159 0.188683230840001 0 12 2 0.853412979197347 -2.4703341690487 0.418594833929092
27.0056851248024 0.16273348556772 -1.29828263468136 1 9 0 0.771123345737197 -1.57947027788539 0.512021675473079
10.1897957308916 0.0599075465547598 2.34295612868041 1 9 1 0.80728391887913 -1.55231958516195 0.508281450020149
23.925523458072 0.400247019694603 1.05813237206281 1 10 0 0.913980568977264 0.735822315999137 1
34.4826109209331 0.10526927722829 1.04573733544328 1 8 0 0.450751091881156 -1.10610879000042 0
12.0072891901014 0.0861753830104135 -1.93032616637074 1 11 0 0.763519665973831 -1.19198201227792 0.257184254936874
31.9745786689688 0.177217933105978 -2.032891862034 1 9 0 0.885280774420342 1.59893962283189 0
12.9021407346241 0.0972141311241435 0.0383059745690395 1 11 2 0.556533240476036 -0.367472181498859 1
4.56963146643247 0.0960659586535276 0.420594591876091 1 10 0 0.795719529479918 -0.367520740412368 0.0145649653859437
24.3063276135596 0.0745474189752713 -0.212443799940162 1 10 1 0.678854634867032 -2.17477342681128 1
9.57784662281629 0.040636905701831 0.13887958045093 1 9 0 0.905092859483031 -1.76614414364488 0
0.410273928800598 0.0780639354488812 -0.534015269905237 1 12 1 0.786228615183347 -1.23842474780307 1
30.6648274688283 0.312249471650538 1.4311444858235 1 9 0 0.990538173070897 0.16067892476303 1
34.6092827944318 0.138141191908495 0.150994618580213 0 9 0 0.984963967967177 -1.2312383089508 0.473927585408092
9.90769643909298 0.323429222435769 -2.2852368999826 1 9 1 0.985004268716306 -1.30967512907979 0.901791181182489
4.81104012837168 0.0021372215060262 -0.0124690898507501 1 11 1 0.908203699952243 -1.61504720527448 1
37.4573266039602 0.144082594191992 -0.579923352926479 1 11 0 0.916110330655333 -0.240972839083196 0
7.61759126491379 0.117964725586922 1.13206261800644 1 10 1 0.999446927493267 -0.96337684456951 0
4.73814079889562 0.00625029765069485 -0.216205522039529 0 10 0 0.329099102653271 0.159276529165023 1
5.91913826870732 0.0928801197971791 -0.502681460660364 1 8 0 0.783985249315062 -1.08868165155603 0.137956449994817
10.1294020940782 0.111397658284825 -0.271429498689151 1 8 0 0.990797273565578 -0.73088791252887 0.591036470606923
36.9037293944508 0.0970507990516365 0.915157825135223 1 9 0 0.950172671433584 -1.18380875480556 0.642869715811685
11.4697568833595 0.0817141075967811 0.492056980387632 1 9 0 0.777414405176293 0.269666072317072 0.172257856931537
18.8150440636324 0.101061131217854 0.310406948714958 1 10 1 0.620392075164492 0.0972192405312873 0.655754863284528
20.1267991251312 0.185339371282563 -0.488933388899789 1 10 0 0.746273351518195 -1.92519743374212 0.37399860075675
3.35446332246065 0.0909679203707367 -0.885841624986368 1 7 0 0.548946590862618 -1.24988072277032 1
21.5422781729372 0.469607649031683 0.039004676984348 1 11 0 0.826692889383361 -0.666174216111204 0.77325394609943
16.2843966033775 0.0138066478431333 1.44900504207307 1 8 0 0.808645398231756 -2.49151400802814 0.993347087409347
0.929958442482166 0.162002982100809 -1.39043966441396 0 10 0 0.781314501057238 1.57297975541136 0.313535770634189
1.28048213154543 0.011844786545882 -0.400457179046415 1 9 1 0.953896150664675 -1.3156707112674 1
10.8122245142236 0.305361583580342 0.0612331018781683 1 8 0 0.677141940290769 -0.790947644408585 0
4.13327222447842 0.0674872319796123 -0.0993399862097979 0 8 0 0.965056365521713 -2.02380006184287 0.158231693552807
4.46149449402001 0.026746832821683 0.0371816697809687 0 9 0 0.715645554884978 -2.36315990805043 0
41.0052907705773 0.12231266468792 0.393413777354767 1 8 0 0.833297272171285 -1.91611871706956 1
11.9047562097199 0.0347489959334814 -0.621585276350775 1 9 0 0.85994085362608 -2.45565997439475 1
28.6681954075117 0.084734674426727 1.15618812148861 1 9 0 0.860307770294365 -0.181561284146446 0
1.66865894619841 0.107149729947997 0.238513466244026 1 8 0 0.965101688737071 -1.44184020165367 0.660141893429682
16.1049433042295 0.141050729546101 0.369225559206126 1 10 0 0.95642943819953 0.1076544735032 0.985589290969074
40.8017789314268 0.298897809421126 -0.551820366115376 1 11 0 0.574948538070798 0.130992131469371 0.636693377280608
7.12873491554055 0.00823983891681565 0.0443482650844136 1 8 0 0.829076020021669 -1.20859555046288 0.964686751831323
35.1135109188268 0.0153069452499039 -0.0710676185197836 1 8 0 0.903749456206789 -1.12543822376302 1
23.6087260467699 0.0237846039307094 -0.29509928416456 1 11 0 0.931013475283452 -1.28441583166155 0.547382294433191
7.04434359297156 0.0173009658181644 1.71988360589321 1 9 0 0.657548920440964 -0.617407508800722 0.014257226837799
13.8034605985973 0.175577277233917 -0.16968613264381 1 10 1 0.32358821803793 -0.553114153070156 0.395888062659651
27.0594939127564 0.0598087093094364 -0.159291242297659 0 9 0 0.943450823350861 0.639357762002576 0.746035968186334
29.5340838959906 0.34509829826009 2.29548181520677 1 10 1 0.993865022358004 -1.72575953628628 0
29.6302234797273 0.294200792660084 -0.165421203782866 1 12 0 0.993989328207991 -1.54942347728783 0.982731548603624
20.7581453842809 0.391334486013236 -0.662148847354843 1 10 1 0.748272222752052 -0.634932872697803 0
25.3366678437684 0.139586311876179 1.89118338888231 1 11 0 0.93344204510226 -0.361035522206625 1
1.38202587773558 0.416316505500531 -0.00430378831585922 1 6 1 0.888336795187034 -1.8414379350279 0.0630570303183049
0.608921776316129 0.0755148201715201 1.05928661068145 1 9 1 0.951816641878261 -1.73671548335207 0.626934497850016
5.41451429217122 0.0573510079560699 0.846044615177146 1 10 0 0.68755308058809 -0.404076379972456 1
20.2228236481547 0.0168760110922291 -0.649546182760926 0 11 0 0.987520975796334 0.625806412639607 1
2.15912163318135 0.0803040994214825 0.964278065032988 1 11 0 0.874278273137705 -0.263276434249266 1
32.710651627765 0.0276339944371418 0.588322464411067 0 12 0 0.847209230505742 1.49510156930535 0.669993198709562
7.58240123863798 0.0725769132841378 -0.988972436073361 1 10 0 0.952289527949477 -1.35355502300827 0.778958602109924
23.2067049489357 0.0015490136208095 -0.470870535740104 1 11 0 0.960463511365525 -2.15469512765729 0
35.865809708857 0.0343880196636256 0.0424195372820832 1 10 1 0.910488378976776 -0.298879590416389 0.355998654151335
24.3104846891016 0.071068583521992 -0.0482121173778886 1 12 0 0.952720624191161 -0.971125761595463 0.727061835350469
17.0135288541438 0.406313041204071 -0.170576722951457 1 8 0 0.836054225152981 -3.12021802782515 0.843579043634236
12.9550145818153 0.0786069729365408 -0.119886187977036 1 12 0 0.976329514300681 -0.961123983211334 0
14.4534204693278 0.060902843659278 -0.28006678061138 0 7 0 0.863737595699027 -1.81887499315839 1
21.1319625001866 0.202975612181182 1.32998963452382 0 9 1 0.5256902684642 -0.450884974503066 1
23.2681648684898 0.207143489959392 0.798089226516339 1 9 0 0.819178748310754 -0.842303618255515 0.745852714637294
40.7379030750832 0.0461477312492207 0.930618559859881 1 5 0 0.769764677203244 -1.44211305509602 0.681739511433989
29.8192810438573 0.0123494917705815 -0.243932565465278 1 10 0 0.754482794217554 -0.860176389145522 0
34.6694370628335 0.0537830608664081 -0.976641015556582 1 9 0 0.882555775218791 -2.90270420166291 0
25.6481527894735 0.0276067558049244 1.28117467432531 1 11 0 0.867098591423405 -1.41626365655263 0.640045820269734
36.7012796058785 0.283716758790685 -0.780906987785539 1 7 0 0.912855804159673 -0.360860656253416 0.0168341204989702
12.1041553047486 0.036605313711334 1.64258714172028 1 12 0 0.853832159299327 0.287690206034605 0.195786686614156
5.88571541188285 0.0384217461687513 -0.320960623740337 0 9 0 0.879244114048658 -0.0876719530899177 1
37.676195869362 0.00260307994903997 -0.14926124071062 0 10 1 0.927671140096258 -1.40200615028332 0.606406779959798
29.0478699620813 0.196135224065486 1.36107282583431 0 10 0 0.944717879864515 -1.37613729431241 1
28.7977486397373 0.0867800930043603 0.906883952634387 1 8 2 0.946823947414774 -0.13670562809227 0.127413529204205
29.811422140128 0.484653590509982 -0.0161156286928943 1 9 0 0.776087526844097 -1.30139266077519 0.635773018701002
39.1932637484511 0.0811980325379409 0.412116263557817 1 8 0 0.969505170056706 -2.25379056304626 0
4.20282760439441 0.0981364825325477 -1.53969499978475 1 12 1 0.979827431255464 -0.490606593945141 0
34.8582062988076 0.0453394329524599 0.0171321082271627 1 8 0 0.954008944589653 0.192131699750237 0.565810252679512
27.2511535128811 0.0962242253111411 1.01826973580578 1 11 1 0.953725838119555 -0.695822644433425 0
38.239185387874 0.0999276520399019 0.137879856769411 1 12 0 0.862199068333102 0.518740750514372 0.354195095133036
24.1562723749317 0.0403761743218638 -1.26261432315267 1 11 0 0.902777595116877 -1.06708464596037 0.778369563398883
7.08734558268916 0.0587402583914809 -0.615582684930899 1 7 0 0.268611477094157 0.839177802083647 0
20.5382437031018 0.000209606701110121 -1.55746806736333 1 9 1 0.852683933233083 0.240360833834351 0.248173890402541
36.8182027411181 0.0801026148255914 0.282653286750831 0 9 0 0.967354077217395 2.03159728222521 0.62055960833095
38.2927521405742 0.0376396177452989 -0.76950025821984 1 10 0 0.975825165635933 -1.3361121890244 0.531757200136781
11.9221288893837 0.0508443934377283 0.118988411607038 1 8 0 0.936719764833786 -1.86185856237502 1
25.4023065697635 0.011643249079462 0.640075327675051 1 10 0 0.830185016124608 -1.95450075974947 1
28.0499773554271 0.159812157943931 0.633885302543119 1 10 0 0.968418301043835 -0.148109590852679 0.383894443279132
7.84284392630216 0.116774357783198 0.168877504478021 1 8 0 0.616830065787699 -0.037880405855181 0.703966859495267
24.9743088733172 0.355993736626916 0.872621962700602 1 8 0 0.902234857231258 -0.463549848785607 0.643159043742344
8.80246054511517 0.12548193152074 0.32670102731832 0 10 0 0.915850073534127 0.18149646866933 0.611491115996614
23.6054623826873 0.0561986416578293 0.536197381587831 1 7 1 0.895416186314134 -2.87251939832748 0.626507174922153
18.5903786003124 0.181225147072195 0.307726135410226 1 10 0 0.952430894687899 -1.03303197049537 1
16.9481079009362 0.165672689321788 -1.18559939766175 1 7 0 0.526192058229757 -0.712907071273091 0.857936078682542
36.4539842956234 0.251275370585474 -1.88985568910752 1 11 0 0.849058652714746 -0.691211217516961 0.96751050837338
22.1641073998995 0.0365883243979476 -0.897814872369468 1 8 0 0.956448267727183 -0.546624404302314 0.5847727751825
18.9278330523754 0.118119668643084 -0.949508239597894 1 9 1 0.953780283862606 -0.594430460217793 0.363175897393376
0.523825450823642 0.20914628006399 0.203912323440087 1 8 3 0.875057755497282 -0.817248885751278 0.338413282530382
41.37070027031 0.00608629174530506 -0.684958961312822 0 9 0 0.734782258518561 -1.748825147812 0.352023822721094
22.7078978190199 0.304687319074836 0.160811600083416 1 9 0 0.619214803702913 -1.73077033246353 0.273912830278277
21.7570491396124 0.145468241995537 -0.949279492039607 1 8 1 0.889606375272272 -0.272764345135697 0.868947197217494
22.8807942325016 0.0810511452727951 1.12819946739497 1 9 0 0.722323141667899 -1.0577761525889 0.622112029697746
26.0027710282244 0.0294398679264398 0.0516844286464941 1 10 1 0.919212653584605 -1.35924687765497 0.379899241961539
21.6301784897456 0.26312559677674 -0.0257246995330654 0 6 0 0.808183616281427 -1.28985745019532 0.461277486290783
21.4598613571376 0.0848873575450853 0.0774831223185762 1 9 0 0.763458422388656 0.270728022032272 1
0.158018011855893 0.0714748441823758 -1.04602277670924 1 12 0 0.986898369863923 -1.40269917209802 0.389620898058638
32.1195621921448 0.0276866815284342 -1.33958473690258 1 11 0 0.854764432363351 -1.03912457658496 0.184617769205943
6.23814122613985 0.217177478353235 2.26312368590677 1 8 1 0.707681296528774 -1.66159581791183 0.599785084836185
36.2915067128139 0.291207896762607 -1.1342880552702 1 12 0 0.961542166701592 0.128797798829686 0.0869121141731739
8.27666337790433 0.140871616773644 0.511993282311936 1 10 0 0.965857817472415 -1.29345776233689 0.832888677017763
40.4322810949758 0.253994910501617 -1.18144900048292 1 10 0 0.898842252079323 -1.54658215410477 0
9.83600130481645 0.0645821785767401 -0.367281532224454 1 10 0 0.827053167778563 0.428083052063898 1
24.4234750147676 0.110872232932003 -0.391530526021407 1 10 0 0.700036485233741 -1.92681527208882 0.547163055744022
19.7024911594577 0.0456533715478145 -0.17334187738488 1 10 0 0.770997557819906 -1.07811134022382 1
36.1427360804752 0.0867865084975169 0.752943360510003 1 10 1 0.937061781581761 -1.55474057349022 1
8.29548379536718 0.552204693170422 1.26983461589129 0 11 0 0.894518742237977 0.356116337396234 1
13.6966993689071 0.00408240529941395 -0.887485740109647 1 7 0 0.990988734795715 -2.6039113431265 1
17.2883134616073 0.0812906004721299 0.975226797734807 1 10 0 0.999475576641754 -0.896034025499874 0.031727755907923
31.9440551623935 0.00967691338155419 1.91486537669552 1 11 2 0.97734452561334 -1.63839497002092 0.622452181298286
10.2701253948268 0.193711956238245 2.5644521860713 0 10 0 0.866941750045827 -1.12649650615497 0.478948789415881
25.7253689054865 0.0485991279128939 -1.05126489828298 1 9 0 0.926448659903502 -1.97085028561157 0.79413560195826
8.45861882241443 0.100947201945224 -1.22770144539291 0 11 0 0.973896819217017 0.351257983941447 0.992415039800107
0.462872327910736 0.0659494707360864 1.12139024924159 1 12 0 0.692367902270386 -0.416889616441568 0.49376586615108
20.5706658950308 0.0343065726157167 -1.42817835320874 0 6 0 0.775812279434582 -1.59915478095154 0.75485958554782
28.5041917629074 0.0247201797439146 0.639127207974115 0 8 0 0.996656203584258 -0.75975724347942 0
0.968636456783861 0.571995700212354 0.135727466210658 0 9 0 0.99923676825547 1.23019936143415 0.586935331812128
6.61573836861644 0.361424865180111 -0.202225319616759 1 8 0 0.98273311688244 0.293224438326133 0.00540998042561114
13.530600513937 0.0742604102706537 1.02868986340614 1 10 0 0.982507646479978 -1.22565557012849 0.218348039779812
23.8307468915824 0.163275391440244 -0.0192121461538594 1 9 0 0.981827046203109 -0.393507460230399 0.843936178134754
24.752473557624 0.0177581464849144 -0.672652355649016 1 7 0 0.746677327720611 -1.74105443236748 1
31.9457223156001 0.00521331763383239 -0.750222168059549 1 6 0 0.658166903601241 0.13780194348984 0
9.78439580197446 0.0722609178628772 -0.954193982598704 1 9 0 0.68233824447616 -0.0325908262890773 0.412387156160548
13.6602965381695 0.0115451893652789 -1.1127350687188 1 10 0 0.738592719841533 -0.142627795409626 0.037003344623372
25.1538751654094 0.296763843142507 0.240662107163869 1 10 0 0.870795077018773 -1.2206986470344 0.6634278036654
26.7566443373449 0.0605238026473671 0.440384544632566 1 11 0 0.78614452339895 -3.66505280047957 0.039772545453161
36.7706147973891 0.298500550533675 -0.0036733034000861 1 9 0 0.962611464048264 1.21566782082285 0.73325527808629
12.8370468850713 0.115049897920677 -1.22687668052176 0 7 0 0.616362512850514 -1.47998370683978 0.139363331953064
0.444741095905192 0.123542320443654 -0.102309923323292 1 8 0 0.656670387104618 -0.31551613380271 0.556426441762596
1.15133859778289 0.123229515762111 2.07522316580895 0 11 0 0.478191620902279 -2.24519802789406 0.329021191457286
16.6318616660079 0.00795261683228053 -1.04475391550869 0 9 0 0.985779347720987 -1.08402486410301 0.724385972833261
26.1535810411675 0.113531293458642 -0.095837849515967 1 8 0 0.917112065377979 -2.15055723574183 0.0246442968491465
36.1054149187636 0.0202749483840209 -0.332541133479353 1 11 0 0.966018419747002 -2.22847430667183 0.704872058937326
22.1150713415351 0.0587132410728373 0.640524895320697 0 10 0 0.996011257578905 -0.570232431343871 1
8.83061089066323 0.116725716501811 0.64840970171098 1 8 0 0.971477118195983 -2.46451798932405 0.0432717758230865
2.66475771497935 0.231139554864469 0.307656476840295 0 9 0 0.990084143851474 -2.73923952660369 0.210357915377244
22.2132839119528 0.117122814636083 -0.0398393517464486 0 8 1 0.662481720637771 0.836625496077548 0
17.8435918445699 0.128985979239793 0.224851120146325 1 10 0 0.808807838497588 0.161144887068715 1
3.5493033348117 0.0433949982980266 1.16627790961846 1 11 2 0.938700222678458 0.0662458148629304 0.396236173808575
40.0046316436725 0.0890372584711895 -0.323143527426775 1 7 1 0.47572391241515 0.348818554325875 1
20.5999943857547 0.218059152354229 0.0363261608931688 1 9 0 0.984718822028256 0.319624210069886 1
16.705448209797 0.00712746463250369 -0.172620442309036 1 12 0 0.914183095828155 -0.859588769753591 0
5.33156301607378 0.0309460194548592 -1.60678948430202 1 11 0 0.984057359694621 -1.0394894583269 0.837721273070201
23.3661426505074 0.00474831083556637 -2.64228155672617 0 6 0 0.967136825153889 -1.06827502976662 0
9.31314184786752 0.139918795432301 0.0925978033636664 1 8 0 0.788913001349467 -1.98715071950304 0
7.04994788453914 0.125674596633168 0.717886441577031 1 10 0 0.755652860648743 -0.027101154767212 0
27.5054151270539 0.224772283098403 1.34499612762237 1 9 2 0.907584923344466 -0.134632274812461 0.880048429127783
2.1472404260654 0.142890758574346 -1.00947606229613 1 9 0 0.718563731302315 -1.61281474633438 0.681483589112759
28.5786649061134 0.0757825924665667 -0.167609659673541 1 11 0 0.818114741698541 0.569200083780148 0.241852874867618
17.6586497590411 0.234065633649221 -0.431338068970182 1 8 1 0.976244983062628 -1.9611875846352 1
37.9405543509871 0.107785031329413 1.74210771553454 1 11 0 0.84504180573422 -0.523615946974352 0.786893961019814
20.188053891086 0.209674758593294 -0.377936243928096 1 10 0 0.899739556613834 -1.93072138563794 0
33.5785150095122 0.18964889551394 -0.784160277506645 1 11 0 0.988122280751531 0.0706879847634193 0.2331131498795
11.9986647190759 0.112272814725643 -1.82293716099999 1 10 0 0.81530680948041 -1.66614736527136 1
26.3947908397764 0.0632301257573999 -1.87296291662776 1 10 0 0.838524816415343 -0.00276656843087253 1
41.1033816228388 0.0678034138982184 0.683099233980348 1 10 0 0.760017494096714 -2.38582043211657 1
37.4360634846613 0.275047474757847 -2.33585472859483 0 8 0 0.938388827298069 -0.429798643316703 0
23.272003034153 0.0189251195055736 0.626084801166518 1 10 0 0.976884624328161 -1.32746355537485 0.0397553753573447
12.7815144377761 0.226020590141292 -0.960147685011795 0 9 0 0.718776575611537 -0.338532984534333 0
20.4888352917274 0.039264498045668 -0.00183482964991438 1 9 0 0.650356046802826 -0.407761734596792 1
12.870942574949 0.164426850149745 -0.263718187774782 1 8 0 0.896680096855434 -2.21251453851423 1
31.7135384540539 0.0920095613639444 -1.27352301421916 1 9 0 0.890014577577969 -1.54153517312841 0.53246062877588
27.7263431366533 0.0284438650750163 0.789533631525012 1 9 0 0.985416001729425 -2.20486494136347 0.26539095886983
21.1888530658558 0.0346948934020475 -1.25253256544921 0 9 0 0.684603536059432 -1.02550972134234 1
35.813604234159 0.311760037888852 -0.161920025529399 1 8 0 0.860805628163715 0.56889616083178 1
3.44240416367538 0.0211816654926095 -0.606748346743123 1 10 1 0.917912309876305 -1.13185401758166 0
34.2169985596789 0.0117359277210198 1.02833308917555 0 10 0 0.687169986425504 0.0484177442478422 0
20.2839755570982 0.0689516611746512 0.731052836734538 1 8 1 0.790908552761842 -0.0939616137986377 0.938682737527415
31.8728701679735 0.0903410876464031 -0.758913435400796 0 10 1 0.801588194765687 0.565202888771058 0.728148997295648
40.8832612895872 0.0252708674035562 -0.534693115529021 0 6 3 0.999464291906656 -0.226537531282729 0.337849301053211
28.449044162198 0.314417971880162 0.0618067188497762 1 10 1 0.968692742618436 0.651235013805171 0.267258023377508
29.2904538221424 0.150530507782811 -0.529994965104386 1 7 3 0.980787482564835 -2.65791761464255 0
33.9186778234085 0.0239782218680386 -0.637337005870505 1 10 0 0.898240860762778 -1.23554854233731 0
6.00717345429584 0.373852414989328 -0.0304984273727456 1 8 1 0.928344992228562 0.995660343187527 0.0275115636177361
26.0505321234465 0.140195778915064 0.73584234588938 1 10 1 0.948833776724431 -1.37933993815325 1
13.3732609407976 0.0486848697182722 -1.02407530914167 1 9 1 0.665450541722797 -2.38008602931674 0.0462185663636774
12.9955251321895 0.0759210425312631 -0.536727460775543 1 10 0 0.843616546628234 0.57699722058511 0.93688804609701
12.2686975162011 0.221234424960542 -1.31726185388454 0 10 1 0.835400314158867 0.195577984358467 1
3.18799438516144 0.232690808818418 2.49389181185148 1 10 0 0.867036491472143 -1.49021867257755 0.389838942326605
26.6172678788658 0.11649735061858 1.83969026046705 1 8 0 0.751521285214544 -1.27388193668318 0.217711583245546
10.5125569743337 0.0946320930909008 0.521781875110083 1 9 1 0.472346393266345 -0.412607721482044 0
39.7504263906972 0.0315616194275208 0.0741863353754641 1 8 1 0.608117477609546 -1.39384220716674 0.186407721834257
16.3787440884858 0.145932588837446 0.596439362504257 1 9 0 0.958139169373945 -0.118224308147398 0.99021157482639
0.927100698836148 0.0436350743984804 -1.25394551708473 1 10 0 0.969288279844192 -1.59272603162247 0
28.0309402183862 0.0488486230024137 0.297745252008637 0 10 0 0.711014276739562 -0.447373420276072 0
18.4246368123218 0.125316622970756 0.436904703871529 1 6 0 0.993741731796263 0.29883517570625 0.323864187579602
9.1819677360123 0.10629043598649 0.00521792296740217 1 9 0 0.915818086468169 -2.16951324451424 1
17.2086396765895 0.00330152108848938 -0.0212487471953883 1 9 0 0.84092964524627 -0.9059817486223 0
0.868749853479676 0.0976278114778564 -2.13508641573791 1 8 0 0.847376301774108 -2.78155319315846 0.772182767745107
40.8090366941411 0.153000062791967 1.17745233117319 1 11 1 0.754274161930477 -2.58362266768377 1
34.2647739360342 0.102518049296328 -0.47091245753972 1 11 0 0.658689878059365 0.755070581618093 0.115748622221872
23.7550067664357 0.475214059960874 0.0535003352046833 1 11 2 0.915446695936731 0.107967984463632 0.0919513027183712
32.5904043123825 0.0815655315290178 0.14956028870851 1 7 0 0.965996685994569 -0.707516105546926 0.179869034094736
33.165514300135 0.0420878942240961 -0.898453929691209 1 9 0 0.654833570829269 -1.30984028518145 1
11.354507239908 0.413851323516524 0.567625920795551 1 9 0 0.752872112869421 -0.543306586928735 0.950666919117793
6.59638499820139 0.091053875041531 -2.3355916488648 1 8 1 0.808177066575815 -1.35216277111539 0.112016350030899
33.8574660071405 0.0804734827834181 1.58403752521442 1 5 2 0.747659980246795 0.460321712433566 0.172846838831902
39.7547585115768 0.0852722343988717 -0.0745414141938217 1 11 0 0.959676235971894 -2.57756306970773 0
28.6562180781271 0.0679540716228075 0.420470282866439 1 9 0 0.842490855612614 0.681446155601435 0.316369291394949
8.99560962491669 0.110078985136742 0.33620947559926 1 11 1 0.998697392423462 -1.24957238048806 0
8.02724445927888 0.148584812757896 -0.287397916940608 1 9 0 0.807538623384845 -0.616879049905369 0.921804190147668
28.924601037195 0.0548502741148695 3.00352732189563 1 7 1 0.948620550896924 -0.901020414390578 0.693472956074402
11.6167108840542 0.192872785727212 1.0889158924981 0 6 0 0.992803303452591 -1.5507902991841 0.5101831080392
27.3880793752847 0.127400378109293 -0.479664227393171 1 9 0 0.92600355408108 -1.14776435210818 1
5.21079585005064 0.00373719760682434 1.49384399032548 1 8 1 0.914878859619125 0.327788511515092 0.5337788478937
18.385403128597 0.17685140617789 -0.813855585741955 1 10 2 0.899810236909593 -0.718732489467644 0
28.5310764695983 0.0951232379249871 1.08723298491141 1 11 0 0.711980861920358 -1.06613765975985 0.154258416499943
16.6063580936985 0.0889310345716458 -1.74694793133449 1 9 0 0.965421357167387 -1.60618739735156 1
9.50349941060413 0.197392740717552 0.635354336945263 1 9 0 0.996657212310258 -0.895071477072303 0.374793398659676
34.8810845292406 0.112564790008348 -0.457435001909998 0 9 1 0.98397903926645 -0.612353548172629 0.0801358523312956
21.2266444324283 0.0245002722949721 -1.41120583398262 0 9 1 0.762247580153151 -0.267646394171395 0.118796314345673
22.3003082580632 0.0831852448754944 -1.36130335607725 1 8 0 0.949392709082176 -0.451270154361008 0
22.3569700067397 0.139675985550845 0.300123833229984 1 10 1 0.856692989196317 -1.4489227612443 0.568971950560808
24.0873869714793 0.0169883770868182 -1.16471951301597 1 10 0 0.747598637221949 -0.393318615974837 1
24.6968693374889 0.00411427097193418 0.308549795781892 0 10 0 0.631360434122316 -0.0830763706237921 0.342477722559124
32.4551146253012 0.206907302363518 -1.18438807612609 1 9 0 0.978066554990414 -0.406320609951589 0.317293720785528
40.0143196629593 0.314696676314887 1.01546276012633 0 9 0 0.967571863765512 -1.93637472416064 0.502949481830001
16.2118966914946 0.100996867864729 1.60119170672419 1 8 0 0.971018011016529 -1.2508718450579 0.0801835383754224
32.1714530760888 0.0605514225317165 -0.0231676666475264 1 10 0 0.997996145847106 -1.03490123575094 0.791353958193213
40.766354590212 0.144250114908779 -0.140663573462595 0 5 3 0.952268721104475 -1.32681576329484 1
22.2583500761772 0.0422824005945586 -1.04438635449332 0 9 0 0.952501384976977 -0.886904715084863 0.742432369384915
26.6654315416468 0.0646157331066206 -0.292811519525829 1 9 0 0.842737895306743 -0.330079876381993 0.0543289007619023
20.9200387643883 0.0311047250351718 0.52932417551645 1 9 0 0.984704514185117 -0.243185320626584 1
39.2859759181971 0.142508599319832 -1.06502656302294 1 11 0 0.929627217282161 -1.25735542931256 0.452756710816175
22.5333920145873 0.09888067562337 -2.87534911384561 1 9 0 0.981506860310518 -1.49428639680889 0.246358624193817
21.0028547272319 0.193800667755979 -0.784653156541748 1 10 0 0.926178095849395 -1.08158957801626 1
26.9733929607552 0.233842627600509 -0.435794505944928 1 10 0 0.656407961296199 -1.06262230019198 0.767705446807668
26.6903117202688 0.0836691349977627 1.32200537844218 1 7 0 0.842770419589099 -0.691126296422495 0.775728356093168
10.2072598948376 0.00457702288182945 -2.85978697712595 1 11 0 0.949258235353955 -1.59258825832469 0.306484870845452
34.2052656521788 0.018931957136374 -1.39863870879695 1 11 0 0.944593205688058 -0.0815765949713155 0.149251840543002
38.6405537277693 0.061660177714657 -1.36992196418084 1 8 0 0.963360113811397 0.890999940057173 0
38.2533364448696 0.215082296625453 -0.290961006477072 0 11 0 0.894797622449567 -0.971413573108092 1
22.3507860538317 0.0111422210325895 -0.651111663124092 1 9 0 0.897316127757103 -0.975801256165984 0.7591672539711
27.702538168896 0.185597735368545 0.0824628711352023 1 10 0 0.551128365664701 -0.362351618942132 0.681826996384189
6.9410979086766 0.00680872651472682 1.27293487152586 1 9 0 0.906712829425573 -2.90593327046172 0.514927909011021
16.3714569035452 0.0235314425663091 -0.596611802045468 1 11 0 0.500677511098091 -1.417674886293 0
23.7729140609968 0.226010862727392 0.492501870495609 1 8 0 0.925087453382128 -0.426373147762759 0.355477697448805
33.0061040109955 0.0856338668963872 -0.0240041938460855 0 8 0 0.942359502330832 -1.61418593551903 0.197985767154023
20.6231804432115 0.00914577415104492 -0.0295160090804135 1 9 1 0.941114680222657 -1.41232401709293 0
27.6767667625332 0.142014852719718 0.602995615861619 1 10 0 0.727633189450294 -0.457311361915541 0.800625009462237
30.9991848281585 0.122047598235646 -1.36843011362097 1 11 0 0.982852896676599 -1.05490711752827 0
0.85080298143439 0.060273154755123 -0.211010534490139 1 9 0 0.993139992542755 -1.92304545229868 0
22.1582561258925 0.073687465977855 0.487062372517506 1 11 0 0.714970213852153 -1.54325214944243 0.52945253578946
13.4411945714615 0.127693884060792 -0.289069942574672 0 10 0 0.8164132693568 0.248047432578847 1
3.7698843940394 0.0556225027539767 0.0179164613986603 0 9 1 0.770392636468757 0.382062561649229 0.359811868984252
6.48373227929696 0.119621727261098 0.514689384603277 1 9 0 0.753493327056039 -3.79244313554812 0.375472445739433
4.89080322361551 0.0348218429135159 1.70626371673406 0 9 0 0.944858459808844 -1.47060678334173 0.543260258855298
32.7349190993933 0.106189275509171 -0.407020640530265 1 11 3 0.96464621146474 -0.903832683698651 1
13.0542604859453 0.0943507632420972 0.555857413927727 1 8 0 0.867436551983083 -1.05450115469912 1
9.4713591695996 0.0016601058068462 -0.64946736561796 1 11 0 0.954431347284196 -0.62594128423046 1
40.7821309812367 0.254763555004004 2.84010122490478 1 8 0 0.949702810155818 -0.103442399834 0.440769382752478
16.0072788471822 0.000960146484430879 -0.223270936952593 1 9 1 0.997413137450053 0.549043237742513 0.634706432698295
32.7912953220308 0.00722049825151864 0.042439668000087 1 9 1 0.778189978812847 -1.04500575473683 1
21.4738885412458 0.301624810005013 0.792226674943338 1 8 1 0.858972685237958 -1.22024141626936 1
16.5651362984441 0.000791724771261215 0.761766544388723 0 9 0 0.89084723271806 -1.44961690869505 0.826728715095669
23.401072485745 0.0995303692709297 1.98689011280377 1 8 0 0.894228180842216 -1.21049361222227 0.156901403097436
19.4919058692409 0.218128947064954 -1.25779351047439 1 7 0 0.819450840795638 -1.33724088865155 0
7.14670307401102 0.00211442266055301 0.0468456579229035 1 9 0 0.970927043519853 -1.01535817042558 0.266158474376425
35.190974770952 0.00868778000585735 1.54691796107641 1 8 1 0.902649306920682 -2.0952524204781 1
29.4165189310676 0.336253196683791 0.848510107326693 1 6 0 0.961855317138892 -1.1636211078693 0.747113622026518
6.19709090110846 0.122869350127281 -2.15306328628273 1 9 1 0.97112753342423 0.533253220231742 0.227804529946297
1.18985323901288 0.090447693627075 -0.746947808251011 1 10 0 0.951851383773468 -1.29069372113934 0.640088350279257
16.0652481118683 0.0156294433908962 0.246015225317423 1 9 0 0.982458896093517 1.26334598787602 0
38.5615035296883 0.0706658399431035 0.222049516816484 1 8 1 0.678774772886639 -1.01838307146844 1
3.21352598830126 0.0509728211909533 0.412447153161746 1 11 0 0.899471542211456 -1.61618247403571 1
12.2183618457289 0.0397056111251004 0.731422901649934 0 10 1 0.780546614974566 -0.130862208022537 0.557273515034467
18.0312493262114 0.41044179254905 -0.215403611400066 1 11 0 0.704751713874524 -0.355780553159624 0.485725196544081
35.9025804092176 0.23276208898865 -0.130773778757619 1 9 0 0.599463637929335 -1.27291454458148 1
31.2474431583192 0.236440680444914 -0.614400504159086 1 8 0 0.894157195540717 -1.70465638685125 0.0228437518235296
40.167128850962 0.0898119322756586 0.198806520980566 0 8 1 0.989004003282253 -0.0748193810201515 0.580676583340392
5.88623961063568 0.00430488370199493 -0.209212780342025 1 6 0 0.924292131787169 -0.735520468432908 0.571623543277383
9.91160774966702 0.14925423869338 -1.34068696491302 1 7 1 0.596292705725849 -2.45034268287547 1
21.1733611573232 0.13491355976496 3.421492665003 1 9 0 0.969968749442153 -1.83644999148684 0.729340976336971
18.2961742895655 0.543239558549756 -0.135901251668029 1 8 0 0.751959130027219 0.576539730800857 0.0961905717849731
40.4499621717492 0.0287941981223412 -0.993460712432152 1 6 0 0.996285565503576 0.437604115408307 0.170847697649151
12.0084485514322 0.0130918593495153 1.1488980622721 1 11 0 0.926747232565926 0.1915765974341 1
12.2992871334078 0.146396874212065 -0.380223307293086 1 8 0 0.64796579259776 0.467882863710593 1
26.2509334873408 0.140818197274917 0.537649519222397 1 9 1 0.6155831740462 -1.17986471809184 1
7.08571923410054 0.15389367755293 -1.77401446078659 1 11 0 0.985483950423266 0.0961317204218531 0.185204194160178
8.40305545520969 0.247727990139949 0.620774175178952 1 8 0 0.916022159549271 -0.699149145043896 0.366741214646026
12.4165615284815 0.180301330239434 0.416277808293588 1 10 0 0.951948445595356 -1.4304406170174 0.984159026294947
38.838049914944 0.22722062653743 -0.152839471192492 1 9 1 0.956494831011341 -1.43717430840768 0.759636509465054
29.6347103740787 0.0268053979507245 -2.61474860726646 1 10 0 0.839729047141558 -1.74097784010051 0.742445249808952
22.4288535978645 0.0846920471522026 -0.492852089031028 0 11 0 0.574217512487595 -0.717439697333574 1
33.3954260507831 0.668634144785378 1.02689640361485 0 7 0 0.917340274804913 -2.22389647229806 0
1.73213975238614 0.0484755262150429 -0.860194483344165 1 10 0 0.901803327629354 -3.06938402491101 0
15.076756587741 0.378769907380569 0.0168566756325649 0 8 0 0.819685866350519 -0.258083757962544 0
37.7346084869001 0.00456322265212217 -1.70575605272353 1 10 2 0.749997526798501 2.42784873181227 0.0115015974733979
18.5500319641083 0.00632656365633011 0.433620314198287 1 11 1 0.796821441867638 -0.559880893814094 0.725132519146428
30.8726393591147 0.0548758746590465 -0.742697223822453 1 12 1 0.950710152717199 -0.471844938594281 0
35.6653853965923 0.0387297669658437 0.148070126442291 1 8 0 0.912937854613755 -0.872763645467737 0
13.8765759036411 0.378694231600916 -0.966250780386859 1 10 0 0.606870731329532 -1.91281014599597 0
29.0360938440077 0.0226301469374448 -0.214451993539715 1 10 0 0.798610992976427 -0.0458962753934713 0.813419295009226
2.74082754298579 0.000538191292434931 -0.769392902626046 1 10 0 0.95587279676982 0.120011124985787 0.58001217036508
32.1892362368759 0.0867444212728754 0.844418022937627 1 10 0 0.846321448136395 -1.26272062690006 1
11.0526288588531 0.0272639762260951 -0.107604735470233 1 8 0 0.70582311519351 -1.51495609457982 0.929987331386656
23.9655527014053 0.166404434590937 -0.743947004926377 0 11 0 0.893021244282207 -3.01640186760456 0
39.1588466039626 0.291404615571522 1.7530678488596 1 7 0 0.644590547115701 0.135353442518749 0
6.50047792252153 0.0807883332017809 0.343514367718811 0 9 0 0.801999185098268 0.589371572166662 0.180787846213207
40.5706059383461 0.341729844206092 -1.87393865690501 1 9 6 0.805891053662297 -0.352607815173203 0.532954132650048
12.56350483282 0.0433557787910104 0.170110517074892 1 10 0 0.588072728925243 -1.12216065721971 0.3572517123539
15.9406826861901 0.0707172125856169 -0.122999429230346 0 11 0 0.986886922431203 -2.82451291534431 0.735889744479209
33.8967287555803 0.0115966149605811 -0.404150946534401 1 10 0 0.764728625242197 -0.309547114141138 0.840581211028621
22.0825092080282 0.0448720493669829 0.636127068380197 1 9 0 0.841666308349919 0.114862681455571 0
30.7568363942206 0.0566093958898402 0.144968299444965 1 9 0 0.988970174319917 -0.616435690804668 0.658851986285299
5.55533164741937 0.234837345069948 1.97684682971574 1 9 1 0.873935401838925 -0.275338793554488 0.685265779262409
10.7955400634324 0.0235813850886188 -0.378931932806004 1 12 0 0.946924781612206 -1.37451350655663 0.843074109405279
1.81317289257422 0.16197083342761 0.0298910489670507 1 9 1 0.923985446166115 -1.0835059568157 0.896225846139714
22.1981828600634 0.0533597450703382 0.204525777257842 0 8 1 0.904667091985517 -1.31738894717544 0.499365470837802
6.36126828661654 0.215563241381872 -0.704703260266302 1 12 0 0.883189215079179 -1.72004969499163 1
18.3377341360552 0.237266035030506 -0.310823472262932 1 9 0 0.693335926093253 -1.01913329995893 0.652590107172728
12.7180723201251 0.381270686402949 -0.0123298190557141 1 9 0 0.967145295010113 -1.4835929061198 0
26.0872101220535 0.274044207514343 1.28539670394968 0 9 1 0.886525449603647 -0.951900938533529 0
39.5323152331635 0.26418201693621 0.880194126768919 1 7 0 0.906108216750061 -0.748575989684305 1
6.77402499925811 0.352532288038299 -1.09368473886281 1 8 0 0.919436250478481 -1.2162133769802 0
35.4458910175832 0.0340696785715409 -0.135022760101508 0 11 0 0.393941520362689 -0.180942160799969 0.481373904040083
31.4644248018973 0.0107819704142788 -0.624572874202059 1 9 1 0.618239013483787 -0.297962868544748 0
29.3742840546416 0.40659535860405 -1.1768832613639 1 8 0 0.800869661678402 -0.219168391204989 0
32.4195243118098 0.201030580730525 0.786179698525603 1 11 1 0.983599347422411 -1.37599469776849 0.334359269356355
13.1478989388794 0.372025387945228 1.49367605590638 1 10 0 0.865051358050791 -1.38866593982162 0.729189394973218
13.9709853928303 0.0225796244340017 -0.56281034225286 1 8 0 0.675982479085425 0.635911282787504 1
30.6906224806095 0.101323217513386 0.121677864327254 1 10 0 0.773276389580432 -2.24598762273741 0.819212955888361
11.5144507525489 0.130488617340354 -0.620384612536301 1 9 0 0.835676875956429 0.0718081419048866 1
14.5718627866823 0.0751064492505975 -1.24367188361711 1 11 0 0.71500080656389 0.390055205612681 1
18.6160999164218 0.500274340363041 0.67524344495081 0 11 0 0.447938292228356 -1.74931707960175 0.853533409070224
18.6106845744886 0.0755487969727255 -1.48943927453525 1 11 0 0.84569203087558 -0.554674937675619 0
33.3562862379709 0.0544041772955097 0.655121496335409 1 9 1 0.625440625963272 -1.05172677630507 0.0915822533424944
27.2382642200915 0.303509860982266 -0.0119613950471911 1 9 0 0.751600423322441 0.504083260673913 0.787561441306025
2.10978054990992 0.0448310789070092 -0.327785122662669 1 9 0 0.776602912245164 -2.21768185382303 0.324189242208377
35.3590112606995 0.275585616629104 1.08285850877332 0 8 1 0.810091389759855 -1.14473393393256 0
15.664652566798 0.0480970521457493 -1.45418820102259 0 9 0 0.742538800252355 -1.50079149075914 0.685610514134169
7.78824755994137 0.156708655407989 0.943435778164565 0 11 0 0.963190211342331 -2.13527769615708 1
36.523813065514 0.407074317315078 0.691165875465279 1 7 0 0.742587590275323 -1.26999259457938 0.622932286700234
22.0350516690174 0.221783178149465 -0.231094877719475 1 9 0 0.866696267047505 -0.902051570756196 0.28935404936783
29.7241849104408 0.16125234402191 -1.7146633307966 1 10 0 0.835615636727006 0.283475468775167 0.469578046817333
19.5013226726092 0.104144313018174 1.18708192237668 0 8 1 0.991309907024567 -2.72417847196863 0.557845120085403
17.9833936547162 0.172228173347527 -0.342432729550749 1 9 1 0.959841535156646 -1.51120438857289 0
36.0470330085605 0.0256203465978615 -2.45436990941284 1 7 0 0.973578088674133 -0.609456104321531 0.229047663044184
29.0392389688874 0.0362860671593808 -1.87196155501629 1 7 4 0.827843230401565 -1.62402775572852 0.836282006464899
3.85115732778795 0.232984146092761 -1.21957369366717 0 11 1 0.787231848572753 0.0898399474443788 0.521684051258489
35.6723662038799 0.449318540023461 0.348254399413601 1 9 0 0.787492082846884 -2.69151801306159 0.984498079167679
23.2470917520346 0.0677583962601073 0.440909614931364 1 8 1 0.897113007017481 -0.458083329560059 0.494325537467375
32.2618568137055 0.421646974028504 -1.33259511589654 0 12 0 0.95209859798159 -0.886701541692014 0
10.3562708425103 0.052112584989768 -0.21218106158569 1 11 0 0.49996922364801 -0.0687925169041836 0.626288569532335
25.3276961228345 0.0679295082673795 0.803198340833314 0 6 0 0.937732533999241 -0.54670195417999 0.283667373936623
36.9898588024313 0.00948355422588065 -0.98599820509639 1 10 0 0.78858081758918 -1.77581215034039 0.801407927181572
14.8086769336602 0.253395233292806 -1.68279077864565 1 11 0 0.827379217590325 0.461613687301214 1
32.9589854508173 0.0824653747840784 0.17974596603999 0 8 0 0.954484005891953 -2.71173174714571 1
11.4770303379279 0.0270887741082964 1.03780650796831 1 7 0 0.485197121722447 0.232302054043085 0
34.611848934344 0.0698544949409552 -0.649251200334089 1 10 1 0.763727743765904 -2.88636082897196 0
4.85823716714513 0.117079109685339 0.484082997651629 1 8 1 0.741277778104766 -0.818598476584541 0
28.6984784828033 0.0160158674698323 -0.366304713471854 1 8 1 0.724688870241656 0.207485621278764 0
38.0828774188645 0.157945149805734 -1.066516047707 1 7 0 0.86137121984782 -1.08478379343309 0.100519188446924
23.4647022582591 0.10445666196231 -1.08762853057569 0 7 0 0.588596635639438 -1.34206472760843 0.844186725560576
23.4576656598598 0.616821961160451 1.52225316975426 1 12 0 0.985926370873156 -1.98623714722668 0.61804754822515
34.127847242658 0.00344515054892326 -0.511271881643762 1 6 0 0.993477398064718 -1.45517432158167 0.772018034709617
19.7706952427048 0.0305182950687595 2.60670214309318 0 9 0 0.960941986506409 -2.20553765316248 0
6.66124253268354 0.0577879787306301 -0.124870023753037 1 9 0 0.829296903540008 -0.102819012450581 1
15.3549339402467 0.120029978681693 -0.027956418041334 1 11 0 0.842547114144855 0.659141294434425 1
14.0900969136506 0.0195871625328436 -0.137230153936557 1 11 1 0.677275690383585 -0.576185728982895 0
36.1887936432846 0.135689491636815 1.09644697466493 0 12 0 0.727527476091943 -0.75746338551263 0.0841425384860486
28.198508474417 0.109346311883406 -0.391729285421508 1 12 0 0.767240514815786 -0.35117138508384 0
27.4428800932597 0.276044116262502 0.672277319236767 1 8 0 0.920836902648342 -1.81723235435226 0
25.511354500684 0.00812598352786154 -0.444709440820402 1 8 0 0.995385576093693 -1.42424370936313 0.216676103882492
23.8370257492876 0.0658002168056555 -1.04394315200524 1 11 0 0.789979066354242 -1.16877038324275 1
3.12666541142389 0.00750219658948481 0.211839087008042 1 9 0 0.844318795258992 -1.50017770946994 0.524616018868983
10.1564876062563 0.195672601997039 0.0987362372946354 1 11 0 0.93327121133537 -1.82332642575611 0.589966568164527
16.0791537034325 0.066514931851998 0.712265364868247 1 9 0 0.973021541147588 -1.21722599745106 0.352817125618458
40.4047682986362 0.0847365725203417 0.0417271550869971 0 8 0 0.855126020881175 -0.349191462469528 0.178381803445518
40.5751227380475 0.0401814716169611 -0.214547837314743 1 8 0 0.939874462999579 0.0718663226436403 0.0163982431404293
4.79963943597395 0.00325960072223097 -0.340082410899408 0 11 0 0.956883520911933 -2.25593416307762 0
16.8433346378384 0.140650897980073 -0.0541259436157076 1 9 0 0.749962835721227 -1.00442104591197 0.395297562237829
6.85784294109326 0.0106782147305807 -0.494616347050198 0 10 0 0.999955978974408 -0.123594792104629 0.0579514377750456
41.1779053780716 0.0797202034154907 -0.582008738167251 1 7 0 0.564812460707769 -1.33278198654906 0.0385168977081776
8.02574810958467 0.543372964920634 -0.243992897470061 1 9 0 0.754124091230209 -1.69267898682222 0.815194515045732
23.2781761457678 0.0718519908259623 -1.5516391161276 0 7 0 0.676286403976905 0.287325902369657 0
10.9305767773418 0.189846714715216 0.966016408435517 0 12 0 0.971758245326576 -0.549618376629436 1
10.6777318554465 0.141350996326061 0.00977811743795052 1 11 0 0.939320373434351 -0.362735472489045 1
33.186712342687 0.00161227473290637 -0.498344347295993 1 9 0 0.791268441917366 -1.17165403232872 0.149817733094096
0.964797305548564 0.181582221494872 -1.05670930112077 0 10 1 0.95609790661632 -0.787965283610361 0
35.1772029079963 0.1735402107912 0.0937586841946915 1 8 0 0.864845531202043 -0.853828141332371 0.396733564324677
9.07182157821953 0.00977832562057301 -1.02932598948525 1 10 0 0.761281224401982 0.58470955575018 0.725642404286191
31.9890541724395 0.00789579947223496 -0.407258453171754 0 9 2 0.842081228756948 -0.838495876591143 0.37436517002061
34.3888036646182 0.0483295864542015 -0.377952270539954 1 10 1 0.979571450535327 -0.223855641536333 0.131482641911134
13.8398408481386 0.0357635638792999 0.100966087747242 0 11 0 0.969974090308299 0.972090921095623 1
21.4887866908917 0.0427711032098159 -1.68878499306211 1 11 0 0.866679105814421 -0.781253939198307 0
39.8224151481641 0.0572830143599067 -0.74858122752104 1 8 0 0.416488590897553 -1.88430846168402 1
21.1748346939217 0.141685200670095 0.835422623088483 1 9 0 0.982269585081152 -0.321173507203114 0
6.91967199605424 0.060148018412292 -0.333825406020577 0 8 0 0.712810044511708 -0.62733593105113 0
22.757204503892 0.100441731396366 1.01956325764865 1 12 0 0.935122987003409 -2.27798932767146 0.803716062800959
34.6181806264445 0.00407040688837068 -0.148361846666561 0 10 0 0.774338816397469 -1.172391319409 0.928481247741729
30.3109610283514 0.0329947756836191 0.847022894818478 1 7 0 0.752919025436097 -0.708773645299479 1
30.1901875140844 0.120159733656074 2.52891798799532 1 8 0 0.856039194848716 0.529730652426453 0.367964180652052
23.1771293308353 0.180579845917556 1.72180602031685 1 12 1 0.963934125112043 0.442022778426211 1
28.7730140455766 0.378630033673203 1.11625603670644 0 8 0 0.994196419530782 -2.43962391858003 1
12.6092162472429 0.0127652132650837 0.0259215297751537 1 8 0 0.945085323347783 -0.216459014374042 1
37.4044365431415 0.054615781235043 -1.62083410173802 0 10 1 0.891119228437715 -1.47994602400414 0.574258257402107
7.99659653871786 0.0478132326970808 -0.184666018453662 0 9 0 0.866333271739947 -1.08833118413522 0.386575855780393
0.525554356887005 0.00206615088973194 -0.076821680680676 1 10 0 0.758793232635712 -0.607441619410895 0.710888809291646
14.6508986649802 0.169570788153784 0.895856317351097 1 11 0 0.783102594244754 -2.30638708588009 0
12.0996513464721 0.342047932309178 -0.016543832999943 0 8 0 0.933516520930136 -2.57298211523791 0.272981787798926
34.5033229121706 0.0475044794147834 1.62588486258349 1 11 0 0.8956365606112 -0.289583618593232 0.460599206620827
40.1411813074024 0.153830777149984 1.58438857756131 1 8 0 0.913463463725986 -1.72653461840456 0
41.173043850367 0.0436666870955378 0.455741232348518 0 12 1 0.913114048065574 -1.62146829876985 0.639032204868272
16.8381915553706 0.265952415050086 2.41152958364602 1 10 0 0.885477599989195 -0.236251170265406 1
30.098580479878 0.0381052384036593 -0.18236053705909 1 10 0 0.968437821577303 -1.72613366920177 1
26.4639190128306 0.228403706558722 0.245881347740419 1 12 0 0.664025926026232 0.27133539389887 1
0.393178494437598 0.0715049410937354 0.818008462333419 1 12 0 0.645981410900217 -0.86028734462181 0.785166455432773
34.7190629184712 0.166900110076518 -1.08622554785428 1 9 0 0.794549770587968 1.64005994971432 0
8.21884278967045 0.160863078194076 -1.88709984310615 0 10 0 0.938415699027197 -0.585102755320649 0.480000332230702
11.3774727417855 0.215956232732835 0.439952926605005 0 10 0 0.996452552639833 1.27383426834895 0
23.4815095094033 0.110944698505013 1.37209938183968 1 10 0 0.873347383790121 -0.833540925650234 1
37.3248649870744 0.0597852760110982 -1.02634678276914 1 11 0 0.824836130199158 -1.26382875625444 1
16.1246647181921 0.12442924412987 2.07762555897292 1 10 1 0.914951357292168 -1.33081456266812 0.290756293339655
33.2177019668976 0.417605359586782 1.17766047014755 1 6 1 0.988079578281061 -1.05389096801941 0
10.1044815939618 0.184842930863354 0.751575395813152 0 9 0 0.655494621144106 0.0686854910623181 0.716933626448736
36.3115850584814 0.178551315319467 1.40256776731176 1 9 0 0.958511968190122 0.111966882368432 1
25.7043004656676 0.159274149797262 0.862873959464918 1 12 1 0.980008146661708 -0.613882223934065 0
37.6086791163776 0.107682542637327 0.0531667285423451 1 9 0 0.953453015757357 -2.98389368190928 0
32.5049584179884 0.0346202726941556 0.248828571492296 1 8 0 0.836132564077706 -1.01758209376352 0.962808538228273
13.2197689542314 0.198469853965889 0.280491721374651 1 10 1 0.447114183582414 -0.0145893792226393 1
13.2343774906127 0.17820654552311 1.81003507905753 1 11 0 0.925013217514594 0.0554087974840892 0
