Ex1 Ex2 Ex3 Ex4x Ex4y Ex5 Ex6x1 Ex6x2
2 6 3 0.821588491089642 0.251291385386139 -7.03602685551136 0.470206741566626 0.446767947696181
1 10 7 0.0335704816970974 0.679818402277306 -6.7195565114769 0.742731278136378 0.404230455980944
1 3 7 0.825944236246869 0.937156774569303 -6.4275908784053 0.471659561548307 0.29718722245109
2 7 7 0.0596848730929196 0.930208098609 -8.64925464627099 0.747046907665203 0.342447921423242
1 10 6 0.464266335126013 0.993738653603941 -8.0468081468227 0.804841826686075 0.661558062342896
1 8 7 0.843571527628228 0.812552078161389 -6.81487354271309 0.61354997488904 0.316705987500172
7 8 0 0.854119548108429 0.30722518847324 -7.13966039069999 0.583931635617676 0.398305021429605
1 10 2 0.0622262647375464 0.775271265069023 -7.97734150970179 0.310647160595479 0.33752823063215
2 8 8 0.992629892192781 0.770288508851081 -7.09828751032428 0.374222411820388 0.454177105484002
1 10 0 0.595518009969965 0.570927582448348 -7.2813932687863 0.272130857235864 0.895531193114476
1 10 0 0.953383137006313 0.699204605072737 -7.82404269728048 0.293348085141881 0.574505132745514
9 8 7 0.0274016705807298 0.843414538307115 -9.13525152596729 0.263078971640104 0.461163089388188
7 5 4 0.859567342791706 0.0755808157846332 -6.560984430674 0.509207465766386 0.337585969133976
1 8 7 0.941569565562531 0.517693420639262 -6.75312807155966 0.232888973361656 0.899602711126114
1 4 7 0.937756409170106 0.676849417388439 -6.21041968244231 0.486875068151919 0.524615496368435
1 10 0 0.224718171870336 0.928475028602406 -6.17418338061517 0.145323837310671 0.387599555830524
5 9 4 0.540222440147772 0.883614964550361 -6.20130864286047 0.344509427274773 0.694720068233738
1 9 0 0.843557899817824 0.766468587331474 -8.57100819595862 0.577217986576902 0.518059343006199
2 7 6 0.754486871650442 0.858025323366746 -6.9838381340918 0.460284619101037 0.84636061376485
3 9 7 0.783926420146599 0.601154207251966 -7.40276531226194 0.553765648836719 0.403048402128486
1 2 0 0.881324452115223 0.316758123924956 -6.30719149600711 0.6022832163453 0.163523439791131
1 7 7 0.655979465693235 0.667942638974637 -6.65192278375614 0.72321455860545 0.496201620577632
5 7 2 0.893641463248059 0.463083349633962 -7.47433463493295 0.262009602291117 0.216626008786282
2 4 1 0.911819589091465 0.934156116098166 -7.13962512870874 0.442323980732644 0.162415098206707
8 6 7 0.912181536434218 0.371609653579071 -7.24634367849587 0.505591297663654 0.375215004420788
4 7 7 0.613390916027129 0.833003517240286 -7.88109975539138 0.367485445425362 0.397037557531748
1 10 1 0.814999823458493 0.207077387953177 -7.15817158525732 0.628541595974863 0.304656595539004
1 9 7 0.600550436647609 0.287827150896192 -7.48042697096739 0.403954655850739 0.504598488136857
2 7 2 0.877504682401195 0.882436843588948 -7.8367704644833 0.387112767215237 0.60932826733127
2 10 2 0.454536054749042 0.763544540619478 -7.4386297976462 0.302999139119875 0.614569093400042
1 0 2 0.0921717491000891 0.864356317324564 -6.05251034584822 0.135222359308017 0.840195496138396
2 1 1 0.278563187457621 0.83827392407693 -7.77935455408224 0.565260537080391 0.188539946710019
1 6 2 0.840077156899497 0.538342747138813 -5.98873151479812 0.0255358970938317 0.67534557581366
2 5 1 0.960597235010937 0.207648755516857 -6.70249583912748 0.112095385238169 0.605859565395735
2 3 2 0.618056796956807 0.728710758732632 -7.45599508313296 0.455677813419849 0.593164891077417
2 8 8 0.523557498585433 0.288929397473112 -6.87549923278577 0.28533884379444 0.639127001515915
2 10 3 0.380541519494727 0.811275740619749 -7.54398841977629 0.801205088919209 0.175855963461256
3 0 5 0.53289648424834 0.567776841577142 -7.57372915653785 0.599962474190506 0.46272652164856
1 7 2 0.91504079173319 0.903035084251314 -8.21313777181806 0.700433415944704 0.701849103333588
3 0 2 0.860315433703363 0.792050171177834 -8.13876437910007 0.95073482659998 0.869722651869244
1 10 2 0.88545325002633 0.298501028446481 5.50462659332468 0.241319704552662 0.206592952596339
1 0 6 0.944089809432626 0.49130529537797 6.97426085419553 0.322091947160382 0.738693119900032
2 5 8 0.48417828627862 0.610955562908202 7.3460662114767 0.259363328080922 0.44386432813791
1 8 0 0.793777968734503 0.180293485987931 7.64545235917011 0.367246946389958 0.294389899473431
2 6 3 0.956901154713705 0.348608330124989 7.22162520951058 0.0601339209280604 0.373578406932788
1 4 0 0.627090068766847 0.454801186686382 6.90087784239289 0.40424065380715 0.422393913389923
1 8 4 0.769172971602529 0.661293104058132 7.68500225763368 0.774461538991521 0.546389829469694
1 8 2 0.974191261455417 0.441038027405739 8.17138608192418 0.290796198799827 0.867911822987833
2 6 4 0.892086600419134 0.794041922781616 8.11372449618431 0.699404012246309 0.557673641827013
1 9 2 0.823699382832274 0.442982619861141 6.99248906446709 0.163425689405726 0.486628297305633
5 8 4 0.969022427452728 0.984430244425312 7.80279773829833 0.531379539806472 0.737410072514143
1 5 7 0.992367917438969 0.827563162660226 8.04390680789872 0.504849713351791 0.343184104531787
1 5 3 0.0517877836246043 0.95366472331807 7.72884605714041 0.213476041386104 0.769692415363381
5 0 6 0.472041392698884 0.913337290054187 8.50118201588559 0.640796264606505 0.228159296855338
1 5 7 0.758052309276536 0.730090415338054 5.74460484773743 0.856942582302334 0.287199015419981
1 4 1 0.305077687371522 0.861546927830204 8.93510043584397 0.177486674990041 0.415161307920793
1 9 2 0.568028985988349 0.648834835737944 7.78870845165045 0.451483715707657 0.503905972566057
1 8 7 0.840161593398079 0.0486756968311965 8.67152109886668 0.807054323209958 0.404977466722076
1 8 7 0.767919186735526 0.829958996502683 4.69348166827003 0.658437045240836 0.50297106022432
1 7 4 0.885964712360874 0.189415279543027 8.01905352954536 0.81851922692076 0.544762895733049
1 10 7 0.591818610439077 0.562689201906323 7.32784191421204 0.61946117750636 0.830005564310201
1 8 3 0.621529870899394 0.858209387399256 6.93760362969715 0.730004585191078 0.266118900614352
1 3 5 0.323314049746841 0.919215928064659 6.98364454205868 0.497258489606594 0.839964797640432
5 9 2 0.48509590793401 0.886471791891381 8.26648371756681 0.752943242179322 0.472766463610328
1 5 5 0.478383896639571 0.708806053036824 6.79405383421613 0.873470090152369 0.578975872918108
1 0 8 0.987818197580054 0.460417187772691 8.09349349488162 0.684268794369492 0.386368428022362
1 10 7 0.547934886766598 0.0563727647531778 8.21497068682963 0.697755068674302 0.205470223431246
1 8 7 0.953658793354407 0.606316417688504 7.77848247794407 0.656043157416179 0.184685493771331
2 0 2 0.608985648257658 0.509931938257068 9.82655808377222 0.577558523470895 0.24534065315831
1 10 2 0.919347544433549 0.526915387948975 9.68642416596828 0.58183633098132 0.681698315591297
3 7 1 0.54836501297541 0.799383184639737 7.93571467529176 0.213019427319314 0.817277522012084
2 0 5 0.691997206769884 0.959373640595004 7.42647288378728 0.559732779798192 0.468096428251386
1 7 0 0.759558860445395 0.4486853426788 8.19549687081506 0.441062548591088 0.626095518950736
2 8 5 0.891056026564911 0.451261444948614 7.69541244719742 0.468496660818995 0.599684372676559
1 6 8 0.14632070553489 0.967870384221897 6.77955865803925 0.907913542551101 0.588154890335947
1 0 7 0.264791854191571 0.801225084811449 8.47732304062106 0.269686342725988 0.339120461834268
1 7 4 0.761697036679834 0.872970477910712 7.85163898121685 0.600256930508268 0.936964712873655
2 4 7 0.877356417709962 0.925487998174503 7.96018630318571 0.386056538384699 0.349805783884027
1 9 5 0.584846534999087 0.873651828616858 6.86615387749631 0.893504460346636 0.534896233442285
1 10 2 0.897254421142861 0.826056930236518 7.48352415235721 0.735420917814841 0.901814890554075
1 0 6 0.747901381459087 0.604415387613699 -3.08814921889617 0.335302490963478 0.339005458912201
2 9 0 0.233981329249218 0.877540940884501 -4.03569635997885 0.0610640897465954 0.615286759198278
1 0 7 0.799311015289277 0.759700137656182 -2.81938555844445 0.324010705121429 0.659327237575633
1 6 4 0.717940230621025 0.996793854050338 -3.33984595420183 0.470129761751678 0.125741965375831
1 0 7 0.715983565896749 0.521806214470416 -4.06760733437638 0.550361793876055 0.22936536445141
1 0 7 0.267234566854313 0.587403476703912 -3.40958290491266 0.871708377342567 0.441102914295245
1 9 4 0.990798053331673 0.951639658771455 -3.19434794442057 0.476686576714472 0.37531111531205
2 7 2 0.866264515090734 0.0334065076895058 -3.90641192195545 0.27137353512086 0.491626746607781
3 1 7 0.980735310353339 0.820737855974585 -3.75180643227669 0.194313069005639 0.528484963425961
1 9 7 0.955949289025739 0.736957470886409 -4.0630147678231 0.818553308482686 0.463927423161152
2 6 1 0.865323354955763 0.507344932993874 -3.53696770448768 0.548766402399062 0.634351882013039
2 5 2 0.697052118368447 0.279731090413406 -4.52654954717894 0.144845554109741 0.206743730935889
2 0 3 0.890786547912285 0.951946427579969 -4.20398755468801 0.517122796932622 0.727458851878561
1 9 6 0.81489416747354 0.54817721969448 -4.23442393968201 0.387246223147748 0.574796156571263
1 9 7 0.196391359204426 0.825106045696884 -3.29823818340868 0.474300379777598 0.539966045077376
1 8 2 0.913675323361531 0.054528727196157 -5.034414154719 0.947022546551874 0.688540124793686
1 8 7 0.408897108165547 0.820406213635579 -4.77379404880885 0.141214238644937 0.759673017400636
3 7 6 0.67652775417082 0.636113519314677 -3.063297828648 0.38505358901714 0.189898464927411
2 9 5 0.953545512398705 0.571814901893958 -4.45558855137076 0.578706844410531 0.237775691552988
4 5 2 0.438660203013569 0.649762441171333 -2.83392762141979 0.312024197651593 0.347880237567816
2 0 2 0.676447426667437 0.696211216039956 -4.53611447139009 0.661310469953108 0.839447186860881
1 4 6 0.593662241706625 0.22394910431467 -3.81891128746967 0.765696359407714 0.665282570563834
1 0 3 0.744040450779721 0.951201539486647 -4.4724425301216 0.494610242741726 0.873064872833566
1 0 5 0.796630274038762 0.0343185539823025 -4.43796231996069 0.514132050994658 0.287773465300319
2 4 7 0.862133793067187 0.45514291501604 -3.42955914106031 0.515335708551055 0.814893507645512
1 10 7 0.943518669344485 0.530889359535649 -3.59572837089307 0.59437766490871 0.168466159446619
4 9 7 0.986592900473624 0.942402091342956 -3.3471256346594 0.790237186759514 0.777229687775494
1 9 3 0.55017739161849 0.608814204810187 -4.57808187895785 0.535260105645841 0.447816139611197
1 9 3 0.278462923830375 0.931487446650863 -3.57807107938612 0.744129990810045 0.41749979210755
1 0 4 0.536124383797869 0.778581653023139 -3.73264300397906 0.52418266860813 0.523047582595702
2 5 8 0.798441437538713 0.89159840461798 -3.57247786375488 0.421333427852073 0.389117224105066
2 0 8 0.42163779377006 0.549406786216423 -3.96037103120338 0.768196346298073 0.437743185366225
1 8 2 0.734268121421337 0.930614823242649 -3.29425200429058 0.554821361751405 0.347077830222189
7 8 5 0.529619155684486 0.410598841728643 -2.7225250366676 0.55499716925918 0.426402767752973
2 0 1 0.940533450338989 0.979839084669948 -3.93256577885465 0.231626853824732 0.497654162389474
1 10 2 0.726292521692812 0.464018714381382 -3.60593782313102 0.0764783260632757 0.303961942777336
4 5 5 0.88793718884699 0.0382620142772794 -3.76292811375451 0.105700027334149 0.538933362096495
2 6 8 0.884181160712615 0.153728967066854 -3.2581391983198 0.33611644137349 0.701025663318489
2 0 8 0.912927414290607 0.864323975052685 -4.09523143454044 0.514814703010407 0.171766287637748
7 0 7 0.852645939681679 0.726920309942216 -3.45951065746212 0.575330058443426 0.699129128117712
1 3 8 0.892563103232533 0.00700945523567498 3.3416387069992 0.614727801868216 0.530755563980209
3 8 4 0.863722211448476 0.996151183266193 3.56209516175905 0.682366900658836 0.876625376437443
1 0 1 0.814240580191836 0.864377844845876 3.32591592481818 0.327714049084177 0.385127466686585
4 0 7 0.806880949763581 0.68538515502587 4.58736339008487 0.488846230909248 0.12421256305271
1 10 0 0.96350534260273 0.810150872683153 4.33715267687046 0.203385935044745 0.348636225077038
2 5 8 0.950559690594673 0.443227683426812 4.63817556381764 0.687437266676052 0.372038786273976
1 9 8 0.785297756781802 0.932320505846292 3.80445279066323 0.463561182919632 0.637383741399474
1 9 7 0.563952519791201 0.566535369493067 3.70617893955775 0.700087063446795 0.610254650777814
1 5 2 0.782431667903438 0.823054797947407 3.20899960138272 0.493721858791399 0.466592400031552
1 8 7 0.870383976725861 0.380514931632206 3.89422004858581 0.727661775315668 0.718808049642378
3 3 5 0.889894952997565 0.698703473899513 3.7418731996945 0.532912942000917 0.446638506568966
1 2 7 0.188167144078761 0.991691590752453 4.98229804922104 0.350905218815977 0.661053530863167
1 0 7 0.234514528885484 0.99419309431687 3.97551983106832 0.318570786388668 0.538629061066689
4 4 0 0.581643750891089 0.975001713028178 3.84958638863669 0.250542702349468 0.368207963972061
2 0 6 0.551244139671326 0.00708760297857225 3.51721500517662 0.471257982690258 0.853223344940635
1 0 0 0.401021124562249 0.511048825457692 3.61075150072754 0.481472203565021 0.221944475575563
1 2 4 0.993348225252703 0.904914771905169 3.99807254109701 0.543037010474574 0.744137887501375
7 3 1 0.622447290923446 0.20654087071307 3.26250239578645 0.760903652491411 0.408316384447172
2 0 3 0.92053847014904 0.915830213343725 3.05094441522032 0.388701477635442 0.531105036165666
1 9 6 0.361405842239037 0.111449992284179 3.81893294877827 0.415231509671754 0.382706620019884
1 3 7 0.936914804391563 0.0972993897739798 4.16038609966706 0.287790252725167 0.843579604153521
1 6 3 0.603416075929999 0.34903831849806 3.71778415236463 0.545228439790822 0.624424679405174
1 0 2 0.473995551001281 0.747455500531942 4.23138029019641 0.480101353435262 0.406707470391362
1 6 2 0.680167823331431 0.967223810963333 3.86212841275005 0.556172152693835 0.876974686906478
7 0 0 0.680906875059009 0.687295462237671 4.57672755763338 0.487613290048622 0.44218266186052
6 4 2 0.936685114866123 0.22522689611651 3.13719468185966 0.591205832455255 0.188814329974905
1 5 7 0.326868443982676 0.508895372739062 4.21550418452667 0.555713737866541 0.5978844563898
1 6 3 0.912911936175078 0.922860821941867 3.60429940784045 0.517282639814714 0.459150126667072
5 0 6 0.892832203302532 0.172877200413495 4.01887057814294 0.108096222844779 0.621322675103337
1 10 1 0.844207989284769 0.887373944045976 3.96460876386505 0.564720797371241 0.449011943914701
1 9 4 0.887313563842326 0.352334059542045 3.69554626096303 0.272351186940782 0.393816059139838
3 10 0 0.363713798811659 0.982945122523233 4.29522393824215 0.82631512979997 0.689129829309121
1 9 3 0.222501496318728 0.817440540995449 3.52006594383144 0.777965266013095 0.341034303563497
1 2 7 0.742246410343796 0.83884077030234 4.47828833938344 0.387599950525701 0.936906413917743
1 7 0 0.775045953923836 0.180688439868391 4.22526854659387 0.609164486370517 0.721097254895039
1 10 8 0.995027743978426 0.937202991452068 4.54670047738068 0.187466275799759 0.721569734933929
2 0 7 0.878427162067965 0.608383088838309 3.5129250821945 0.341127357428458 0.314324333790368
1 0 6 0.793033294612542 0.990256567951292 3.83040580512196 0.320528306618595 0.418392686297135
1 9 5 0.871970833744854 0.761386634083465 3.83328086384361 0.520173363516502 0.852532066256517
1 0 2 0.321995793608949 0.788356491597369 3.26087505804718 0.630003343387323 0.854239193136227
1 0 3 0.646524233510718 0.834728306392208 3.83406996899445 0.38070609953554 0.386048032207598
2 8 6 0.937573872040957 0.353072398342192 0.716358473514188 0.273353055098979 0.480626170075893
1 0 7 0.955748966895044 0.438686174573377 1.64231071427677 0.275361335502522 0.510222164646219
1 5 8 0.885453291935846 0.434237126726657 0.105398296762321 0.75275556848441 0.754243230557983
3 9 6 0.845612725010142 0.910999063868076 -5.02083968452175 0.339248866739302 0.40729061276547
1 2 4 0.863009008811787 0.935941412113607 -7.05796201737526 0.499772431862383 0.376802462450583
1 0 1 0.4859676908236 0.230037590954453 -4.75482663826844 0.633287319057682 0.24179802327181
1 7 5 0.23843340552412 0.943012698786333 -2.1639317662165 0.079345648104158 0.303234813011432
1 4 8 0.494788710260764 0.703412085305899 0.887290748405241 0.598219065496745 0.930868264823034
2 0 5 0.28846470429562 0.894823118112981 1.34801354488207 0.633134444455685 0.217894543052647
1 7 4 0.362764136167243 0.804817611351609 9.49441368667626 0.461677061799876 0.0281449146337334
1 5 7 0.992617792449892 0.0522428301628679 -4.18443747756022 0.545227149711821 0.732455749072279
1 0 8 0.900387303205207 0.343282785732299 -4.48154202692219 0.162976127218665 0.896001793667411
4 9 0 0.960245803929865 0.551174778491259 0.39340127777755 0.369481269266341 0.544402429331633
2 10 3 0.879449643194675 0.678547149524093 0.226780105204753 0.808486321125021 0.827061719303761
1 9 8 0.819733119104058 0.9600857316982 -0.894328173054307 0.50487816697807 0.829334250243719
1 4 0 0.918819851009175 0.50322446692735 1.33395767787364 0.239043144256458 0.908572025828567
1 7 2 0.956000952748582 0.975316611118615 1.23157928528764 0.371081580045115 0.672980011509983
1 4 5 0.985648924252018 0.0989774747285992 -1.67910363368297 0.145739223763511 0.213892788242578
1 10 2 0.939845068845898 0.67732193833217 2.21495503894417 0.593976030481603 0.529448401366338
1 10 7 0.795886275125667 0.398027514806017 3.98411981578687 0.226034763713676 0.808504477306244
1 6 4 0.544951903633773 0.968569029588252 -1.42634930952317 0.517689101941854 0.285770565568973
1 9 2 0.885250848950818 0.928002015920356 7.06830416351528 0.93737604682727 0.474960250863392
2 10 0 0.971047934610397 0.60473171225749 -5.6382353839962 0.403388607330796 0.287361796899555
1 6 4 0.233796811196953 0.995161919854581 -0.69959009283794 0.518304208630731 0.129016165153705
1 7 2 0.299751249607652 0.76430247258395 -1.85984956148309 0.240205127988587 0.572065774381353
1 4 7 0.697104486636817 0.534574163611978 5.82623523350323 0.657935836502589 0.72934061810244
3 6 3 0.88232413912192 0.530453579034656 -8.0794767379553 0.363400497513568 0.620064208858718
2 6 5 0.0977647891268134 0.955442010890692 6.34575411009176 0.741157172268525 0.887912828401442
2 5 2 0.670551166404039 0.537404194008559 -4.25142532671715 0.694965394046972 0.565819297326094
2 7 2 0.881761248456314 0.633969904156402 2.18355245287182 0.660608540562135 0.18228728392989
1 0 3 0.902448963373899 0.755461646942422 0.492125983730709 0.67136172287672 0.96891285592864
1 0 0 0.868634899379686 0.728360217995942 1.58154940432271 0.588949851789386 0.519158257536015
2 9 8 0.668580963043496 0.758666620589793 7.54828402189373 0.214926612225735 0.631855248783176
6 0 5 0.763210618169978 0.308479535160586 -0.441925631495636 0.286161097697473 0.520170968117468
1 7 3 0.624178145080805 0.454150150762871 -2.13901319391556 0.64590885076582 0.255472559955107
1 7 1 0.798134593758732 0.626219597645104 -0.805768827273596 0.407226980185874 0.359398254287587
5 5 2 0.633135520620272 0.723479783860967 1.43693841629111 0.460742911580423 0.49490533315054
1 4 7 0.81556553998962 0.731451062252745 2.79122135177029 0.480119243102386 0.429639914632008
11 8 5 0.308733759680763 0.845823095878586 7.92826053524301 0.13555037992205 0.585574226443524
